/*--------------------------------*- C++ -*----------------------------------*\
| =========                 |                                                 |
| \\      /  F ield         | OpenFOAM: The Open Source CFD Toolbox           |
|  \\    /   O peration     | Version:  2.1.x                                 |
|   \\  /    A nd           | Web:      www.OpenFOAM.org                      |
|    \\/     M anipulation  |                                                 |
\*---------------------------------------------------------------------------*/
FoamFile
{
    version     2.0;
    format      ascii;
    class       volScalarField;
    location    "0.05";
    object      p;
}
// * * * * * * * * * * * * * * * * * * * * * * * * * * * * * * * * * * * * * //

dimensions      [1 -1 -2 0 0 0 0];

internalField   nonuniform List<scalar> 
8000
(
-0.253301
-0.253301
-0.253301
-0.253301
-0.253301
-0.253301
-0.253301
-0.253301
-0.253301
-0.253301
-0.253301
-0.253301
-0.253301
-0.253301
-0.253301
-0.253301
-0.253301
-0.253301
-0.253301
-0.253301
-0.759904
-0.759904
-0.759904
-0.759904
-0.759904
-0.759904
-0.759904
-0.759904
-0.759904
-0.759904
-0.759904
-0.759904
-0.759904
-0.759904
-0.759904
-0.759904
-0.759904
-0.759904
-0.759904
-0.759904
-1.26651
-1.26651
-1.26651
-1.26651
-1.26651
-1.26651
-1.26651
-1.26651
-1.26651
-1.26651
-1.26651
-1.26651
-1.26651
-1.26651
-1.26651
-1.26651
-1.26651
-1.26651
-1.26651
-1.26651
-1.77311
-1.77311
-1.77311
-1.77311
-1.77311
-1.77311
-1.77311
-1.77311
-1.77311
-1.77311
-1.77311
-1.77311
-1.77311
-1.77311
-1.77311
-1.77311
-1.77311
-1.77311
-1.77311
-1.77311
-2.27971
-2.27971
-2.27971
-2.27971
-2.27971
-2.27971
-2.27971
-2.27971
-2.27971
-2.27971
-2.27971
-2.27971
-2.27971
-2.27971
-2.27971
-2.27971
-2.27971
-2.27971
-2.27971
-2.27971
-2.78631
-2.78631
-2.78631
-2.78631
-2.78631
-2.78631
-2.78631
-2.78631
-2.78631
-2.78631
-2.78631
-2.78631
-2.78631
-2.78631
-2.78631
-2.78631
-2.78631
-2.78631
-2.78631
-2.78631
-3.29292
-3.29292
-3.29292
-3.29292
-3.29292
-3.29292
-3.29292
-3.29292
-3.29292
-3.29292
-3.29292
-3.29292
-3.29292
-3.29292
-3.29292
-3.29292
-3.29292
-3.29292
-3.29292
-3.29292
-3.79952
-3.79952
-3.79952
-3.79952
-3.79952
-3.79952
-3.79952
-3.79952
-3.79952
-3.79952
-3.79952
-3.79952
-3.79952
-3.79952
-3.79952
-3.79952
-3.79952
-3.79952
-3.79952
-3.79952
-4.30612
-4.30612
-4.30612
-4.30612
-4.30612
-4.30612
-4.30612
-4.30612
-4.30612
-4.30612
-4.30612
-4.30612
-4.30612
-4.30612
-4.30612
-4.30612
-4.30612
-4.30612
-4.30612
-4.30612
-4.81272
-4.81272
-4.81272
-4.81272
-4.81272
-4.81272
-4.81272
-4.81272
-4.81272
-4.81272
-4.81272
-4.81272
-4.81272
-4.81272
-4.81272
-4.81272
-4.81272
-4.81272
-4.81272
-4.81272
-5.31933
-5.31933
-5.31933
-5.31933
-5.31933
-5.31933
-5.31933
-5.31933
-5.31933
-5.31933
-5.31933
-5.31933
-5.31933
-5.31933
-5.31933
-5.31933
-5.31933
-5.31933
-5.31933
-5.31933
-5.82593
-5.82593
-5.82593
-5.82593
-5.82593
-5.82593
-5.82593
-5.82593
-5.82593
-5.82593
-5.82593
-5.82593
-5.82593
-5.82593
-5.82593
-5.82593
-5.82593
-5.82593
-5.82593
-5.82593
-6.33253
-6.33253
-6.33253
-6.33253
-6.33253
-6.33253
-6.33253
-6.33253
-6.33253
-6.33253
-6.33253
-6.33253
-6.33253
-6.33253
-6.33253
-6.33253
-6.33253
-6.33253
-6.33253
-6.33253
-6.83913
-6.83914
-6.83914
-6.83914
-6.83914
-6.83914
-6.83913
-6.83913
-6.83913
-6.83913
-6.83914
-6.83914
-6.83914
-6.83914
-6.83914
-6.83914
-6.83914
-6.83914
-6.83914
-6.83914
-7.34574
-7.34574
-7.34574
-7.34574
-7.34574
-7.34574
-7.34574
-7.34574
-7.34574
-7.34574
-7.34574
-7.34574
-7.34574
-7.34574
-7.34574
-7.34574
-7.34574
-7.34574
-7.34574
-7.34574
-7.85234
-7.85234
-7.85234
-7.85234
-7.85234
-7.85234
-7.85234
-7.85234
-7.85234
-7.85234
-7.85234
-7.85234
-7.85234
-7.85234
-7.85234
-7.85234
-7.85234
-7.85234
-7.85234
-7.85234
-8.35894
-8.35894
-8.35894
-8.35894
-8.35894
-8.35894
-8.35894
-8.35894
-8.35894
-8.35894
-8.35894
-8.35894
-8.35894
-8.35894
-8.35894
-8.35894
-8.35894
-8.35894
-8.35894
-8.35894
-8.86555
-8.86555
-8.86555
-8.86555
-8.86555
-8.86555
-8.86555
-8.86555
-8.86555
-8.86555
-8.86555
-8.86555
-8.86555
-8.86555
-8.86555
-8.86555
-8.86555
-8.86555
-8.86555
-8.86555
-9.37215
-9.37215
-9.37215
-9.37215
-9.37215
-9.37215
-9.37215
-9.37215
-9.37215
-9.37215
-9.37215
-9.37215
-9.37215
-9.37215
-9.37215
-9.37215
-9.37215
-9.37215
-9.37215
-9.37215
-9.87875
-9.87875
-9.87875
-9.87875
-9.87875
-9.87875
-9.87875
-9.87875
-9.87875
-9.87875
-9.87875
-9.87875
-9.87875
-9.87875
-9.87875
-9.87875
-9.87875
-9.87875
-9.87875
-9.87875
-10.3854
-10.3854
-10.3854
-10.3854
-10.3854
-10.3854
-10.3854
-10.3854
-10.3854
-10.3854
-10.3854
-10.3854
-10.3854
-10.3854
-10.3854
-10.3854
-10.3854
-10.3854
-10.3854
-10.3854
-10.892
-10.892
-10.892
-10.892
-10.892
-10.892
-10.892
-10.892
-10.892
-10.892
-10.892
-10.892
-10.892
-10.892
-10.892
-10.892
-10.892
-10.892
-10.892
-10.892
-11.3986
-11.3986
-11.3986
-11.3986
-11.3986
-11.3986
-11.3986
-11.3986
-11.3986
-11.3986
-11.3986
-11.3986
-11.3986
-11.3986
-11.3986
-11.3986
-11.3986
-11.3986
-11.3986
-11.3986
-11.9052
-11.9052
-11.9052
-11.9052
-11.9052
-11.9052
-11.9052
-11.9052
-11.9052
-11.9052
-11.9052
-11.9052
-11.9052
-11.9052
-11.9052
-11.9052
-11.9052
-11.9052
-11.9052
-11.9052
-12.4118
-12.4118
-12.4118
-12.4118
-12.4118
-12.4118
-12.4118
-12.4118
-12.4118
-12.4118
-12.4118
-12.4118
-12.4118
-12.4118
-12.4118
-12.4118
-12.4118
-12.4118
-12.4118
-12.4118
-12.9184
-12.9184
-12.9184
-12.9184
-12.9184
-12.9184
-12.9184
-12.9184
-12.9184
-12.9184
-12.9184
-12.9184
-12.9184
-12.9184
-12.9184
-12.9184
-12.9184
-12.9184
-12.9184
-12.9184
-13.425
-13.425
-13.425
-13.425
-13.425
-13.425
-13.425
-13.425
-13.425
-13.425
-13.425
-13.425
-13.425
-13.425
-13.425
-13.425
-13.425
-13.425
-13.425
-13.425
-13.9316
-13.9316
-13.9316
-13.9316
-13.9316
-13.9316
-13.9316
-13.9316
-13.9316
-13.9316
-13.9316
-13.9316
-13.9316
-13.9316
-13.9316
-13.9316
-13.9316
-13.9316
-13.9316
-13.9316
-14.4382
-14.4382
-14.4382
-14.4382
-14.4382
-14.4382
-14.4382
-14.4382
-14.4382
-14.4382
-14.4382
-14.4382
-14.4382
-14.4382
-14.4382
-14.4382
-14.4382
-14.4382
-14.4382
-14.4382
-14.9448
-14.9448
-14.9448
-14.9448
-14.9448
-14.9448
-14.9448
-14.9448
-14.9448
-14.9448
-14.9448
-14.9448
-14.9448
-14.9448
-14.9448
-14.9448
-14.9448
-14.9448
-14.9448
-14.9448
-15.4514
-15.4514
-15.4514
-15.4514
-15.4514
-15.4514
-15.4514
-15.4514
-15.4514
-15.4514
-15.4514
-15.4514
-15.4514
-15.4514
-15.4514
-15.4514
-15.4514
-15.4514
-15.4514
-15.4514
-15.958
-15.958
-15.958
-15.958
-15.958
-15.958
-15.958
-15.958
-15.958
-15.958
-15.958
-15.958
-15.958
-15.958
-15.958
-15.958
-15.958
-15.958
-15.958
-15.958
-16.4646
-16.4646
-16.4646
-16.4646
-16.4646
-16.4646
-16.4646
-16.4646
-16.4646
-16.4646
-16.4646
-16.4646
-16.4646
-16.4646
-16.4646
-16.4646
-16.4646
-16.4646
-16.4646
-16.4646
-16.9712
-16.9712
-16.9712
-16.9712
-16.9712
-16.9712
-16.9712
-16.9712
-16.9712
-16.9712
-16.9712
-16.9712
-16.9712
-16.9712
-16.9712
-16.9712
-16.9712
-16.9712
-16.9712
-16.9712
-17.4778
-17.4778
-17.4778
-17.4778
-17.4778
-17.4778
-17.4778
-17.4778
-17.4778
-17.4778
-17.4778
-17.4778
-17.4778
-17.4778
-17.4778
-17.4778
-17.4778
-17.4778
-17.4778
-17.4778
-17.9844
-17.9844
-17.9844
-17.9844
-17.9844
-17.9844
-17.9844
-17.9844
-17.9844
-17.9844
-17.9844
-17.9844
-17.9844
-17.9844
-17.9844
-17.9844
-17.9844
-17.9844
-17.9844
-17.9844
-18.491
-18.491
-18.491
-18.491
-18.491
-18.491
-18.491
-18.491
-18.491
-18.491
-18.491
-18.491
-18.491
-18.491
-18.491
-18.491
-18.491
-18.491
-18.491
-18.491
-18.9976
-18.9976
-18.9976
-18.9976
-18.9976
-18.9976
-18.9976
-18.9976
-18.9976
-18.9976
-18.9976
-18.9976
-18.9976
-18.9976
-18.9976
-18.9976
-18.9976
-18.9976
-18.9976
-18.9976
-19.5042
-19.5042
-19.5042
-19.5042
-19.5042
-19.5042
-19.5042
-19.5042
-19.5042
-19.5042
-19.5042
-19.5042
-19.5042
-19.5042
-19.5042
-19.5042
-19.5042
-19.5042
-19.5042
-19.5042
-20.0108
-20.0108
-20.0108
-20.0108
-20.0108
-20.0108
-20.0108
-20.0108
-20.0108
-20.0108
-20.0108
-20.0108
-20.0108
-20.0108
-20.0108
-20.0108
-20.0108
-20.0108
-20.0108
-20.0108
-20.5174
-20.5174
-20.5174
-20.5174
-20.5174
-20.5174
-20.5174
-20.5174
-20.5174
-20.5174
-20.5174
-20.5174
-20.5174
-20.5174
-20.5174
-20.5174
-20.5174
-20.5174
-20.5174
-20.5174
-21.024
-21.024
-21.024
-21.024
-21.024
-21.024
-21.024
-21.024
-21.024
-21.024
-21.024
-21.024
-21.024
-21.024
-21.024
-21.024
-21.024
-21.024
-21.024
-21.024
-21.5306
-21.5306
-21.5306
-21.5306
-21.5306
-21.5306
-21.5306
-21.5306
-21.5306
-21.5306
-21.5306
-21.5306
-21.5306
-21.5306
-21.5306
-21.5306
-21.5306
-21.5306
-21.5306
-21.5306
-22.0372
-22.0372
-22.0372
-22.0372
-22.0372
-22.0372
-22.0372
-22.0372
-22.0372
-22.0372
-22.0372
-22.0372
-22.0372
-22.0372
-22.0372
-22.0372
-22.0372
-22.0372
-22.0372
-22.0372
-22.5438
-22.5438
-22.5438
-22.5438
-22.5438
-22.5438
-22.5438
-22.5438
-22.5438
-22.5438
-22.5438
-22.5438
-22.5438
-22.5438
-22.5438
-22.5438
-22.5438
-22.5438
-22.5438
-22.5438
-23.0504
-23.0504
-23.0504
-23.0504
-23.0504
-23.0504
-23.0504
-23.0504
-23.0504
-23.0504
-23.0504
-23.0504
-23.0504
-23.0504
-23.0504
-23.0504
-23.0504
-23.0504
-23.0504
-23.0504
-23.557
-23.557
-23.557
-23.557
-23.557
-23.557
-23.557
-23.557
-23.557
-23.557
-23.557
-23.557
-23.557
-23.557
-23.557
-23.557
-23.557
-23.557
-23.557
-23.557
-24.0636
-24.0636
-24.0636
-24.0636
-24.0636
-24.0636
-24.0636
-24.0636
-24.0636
-24.0636
-24.0636
-24.0636
-24.0636
-24.0636
-24.0636
-24.0636
-24.0636
-24.0636
-24.0636
-24.0636
-24.5702
-24.5702
-24.5702
-24.5702
-24.5702
-24.5702
-24.5702
-24.5702
-24.5702
-24.5702
-24.5702
-24.5702
-24.5702
-24.5702
-24.5702
-24.5702
-24.5702
-24.5702
-24.5702
-24.5702
-25.0768
-25.0768
-25.0768
-25.0768
-25.0768
-25.0768
-25.0768
-25.0768
-25.0768
-25.0768
-25.0768
-25.0768
-25.0768
-25.0768
-25.0768
-25.0768
-25.0768
-25.0768
-25.0768
-25.0768
-25.5834
-25.5834
-25.5834
-25.5834
-25.5834
-25.5834
-25.5834
-25.5834
-25.5834
-25.5834
-25.5834
-25.5834
-25.5834
-25.5834
-25.5834
-25.5834
-25.5834
-25.5834
-25.5834
-25.5834
-26.09
-26.09
-26.09
-26.09
-26.09
-26.09
-26.09
-26.09
-26.09
-26.09
-26.09
-26.09
-26.09
-26.09
-26.09
-26.09
-26.09
-26.09
-26.09
-26.09
-26.5966
-26.5966
-26.5966
-26.5966
-26.5966
-26.5966
-26.5966
-26.5966
-26.5966
-26.5966
-26.5966
-26.5966
-26.5966
-26.5966
-26.5966
-26.5966
-26.5966
-26.5966
-26.5966
-26.5966
-27.1032
-27.1032
-27.1032
-27.1032
-27.1032
-27.1032
-27.1032
-27.1032
-27.1032
-27.1032
-27.1032
-27.1032
-27.1032
-27.1032
-27.1032
-27.1032
-27.1032
-27.1032
-27.1032
-27.1032
-27.6099
-27.6099
-27.6099
-27.6099
-27.6099
-27.6099
-27.6099
-27.6099
-27.6099
-27.6099
-27.6099
-27.6099
-27.6099
-27.6099
-27.6099
-27.6099
-27.6099
-27.6099
-27.6099
-27.6099
-28.1165
-28.1165
-28.1165
-28.1165
-28.1165
-28.1165
-28.1165
-28.1165
-28.1165
-28.1165
-28.1165
-28.1165
-28.1165
-28.1165
-28.1165
-28.1165
-28.1165
-28.1165
-28.1165
-28.1165
-28.6231
-28.6231
-28.6231
-28.6231
-28.6231
-28.6231
-28.6231
-28.6231
-28.6231
-28.6231
-28.6231
-28.6231
-28.6231
-28.6231
-28.6231
-28.6231
-28.6231
-28.6231
-28.6231
-28.6231
-29.1297
-29.1297
-29.1297
-29.1297
-29.1297
-29.1297
-29.1297
-29.1297
-29.1297
-29.1297
-29.1297
-29.1297
-29.1297
-29.1297
-29.1297
-29.1297
-29.1297
-29.1297
-29.1297
-29.1297
-29.6363
-29.6363
-29.6363
-29.6363
-29.6363
-29.6363
-29.6363
-29.6363
-29.6363
-29.6363
-29.6363
-29.6363
-29.6363
-29.6363
-29.6363
-29.6363
-29.6363
-29.6363
-29.6363
-29.6363
-30.1429
-30.1429
-30.1429
-30.1429
-30.1429
-30.1429
-30.1429
-30.1429
-30.1429
-30.1429
-30.1429
-30.1429
-30.1429
-30.1429
-30.1429
-30.1429
-30.1429
-30.1429
-30.1429
-30.1429
-30.6495
-30.6495
-30.6495
-30.6495
-30.6495
-30.6495
-30.6495
-30.6495
-30.6495
-30.6495
-30.6495
-30.6495
-30.6495
-30.6495
-30.6495
-30.6495
-30.6495
-30.6495
-30.6495
-30.6495
-31.1561
-31.1561
-31.1561
-31.1561
-31.1561
-31.1561
-31.1561
-31.1561
-31.1561
-31.1561
-31.1561
-31.1561
-31.1561
-31.1561
-31.1561
-31.1561
-31.1561
-31.1561
-31.1561
-31.1561
-31.6627
-31.6627
-31.6627
-31.6627
-31.6627
-31.6627
-31.6627
-31.6627
-31.6627
-31.6627
-31.6627
-31.6627
-31.6627
-31.6627
-31.6627
-31.6627
-31.6627
-31.6627
-31.6627
-31.6627
-32.1693
-32.1693
-32.1693
-32.1693
-32.1693
-32.1693
-32.1693
-32.1693
-32.1693
-32.1693
-32.1693
-32.1693
-32.1693
-32.1693
-32.1693
-32.1693
-32.1693
-32.1693
-32.1693
-32.1693
-32.6759
-32.6759
-32.6759
-32.6759
-32.6759
-32.6759
-32.6759
-32.6759
-32.6759
-32.6759
-32.6759
-32.6759
-32.6759
-32.6759
-32.6759
-32.6759
-32.6759
-32.6759
-32.6759
-32.6759
-33.1825
-33.1825
-33.1825
-33.1825
-33.1825
-33.1825
-33.1825
-33.1825
-33.1825
-33.1825
-33.1825
-33.1825
-33.1825
-33.1825
-33.1825
-33.1825
-33.1825
-33.1825
-33.1825
-33.1825
-33.6891
-33.6891
-33.6891
-33.6891
-33.6891
-33.6891
-33.6891
-33.6891
-33.6891
-33.6891
-33.6891
-33.6891
-33.6891
-33.6891
-33.6891
-33.6891
-33.6891
-33.6891
-33.6891
-33.6891
-34.1957
-34.1957
-34.1957
-34.1957
-34.1957
-34.1957
-34.1957
-34.1957
-34.1957
-34.1957
-34.1957
-34.1957
-34.1957
-34.1957
-34.1957
-34.1957
-34.1957
-34.1957
-34.1957
-34.1957
-34.7023
-34.7023
-34.7023
-34.7023
-34.7023
-34.7023
-34.7023
-34.7023
-34.7023
-34.7023
-34.7023
-34.7023
-34.7023
-34.7023
-34.7023
-34.7023
-34.7023
-34.7023
-34.7023
-34.7023
-35.2089
-35.2089
-35.2089
-35.2089
-35.2089
-35.2089
-35.2089
-35.2089
-35.2089
-35.2089
-35.2089
-35.2089
-35.2089
-35.2089
-35.2089
-35.2089
-35.2089
-35.2089
-35.2089
-35.2089
-35.7155
-35.7155
-35.7155
-35.7155
-35.7155
-35.7155
-35.7155
-35.7155
-35.7155
-35.7155
-35.7155
-35.7155
-35.7155
-35.7155
-35.7155
-35.7155
-35.7155
-35.7155
-35.7155
-35.7155
-36.2221
-36.2221
-36.2221
-36.2221
-36.2221
-36.2221
-36.2221
-36.2221
-36.2221
-36.2221
-36.2221
-36.2221
-36.2221
-36.2221
-36.2221
-36.2221
-36.2221
-36.2221
-36.2221
-36.2221
-36.7287
-36.7287
-36.7287
-36.7287
-36.7287
-36.7287
-36.7287
-36.7287
-36.7287
-36.7287
-36.7287
-36.7287
-36.7287
-36.7287
-36.7287
-36.7287
-36.7287
-36.7287
-36.7287
-36.7287
-37.2353
-37.2353
-37.2353
-37.2353
-37.2353
-37.2353
-37.2353
-37.2353
-37.2353
-37.2353
-37.2353
-37.2353
-37.2353
-37.2353
-37.2353
-37.2353
-37.2353
-37.2353
-37.2353
-37.2353
-37.7419
-37.7419
-37.7419
-37.7419
-37.7419
-37.7419
-37.7419
-37.7419
-37.7419
-37.7419
-37.7419
-37.7419
-37.7419
-37.7419
-37.7419
-37.7419
-37.7419
-37.7419
-37.7419
-37.7419
-38.2485
-38.2485
-38.2485
-38.2485
-38.2485
-38.2485
-38.2485
-38.2485
-38.2485
-38.2485
-38.2485
-38.2485
-38.2485
-38.2485
-38.2485
-38.2485
-38.2485
-38.2485
-38.2485
-38.2485
-38.7551
-38.7551
-38.7551
-38.7551
-38.7551
-38.7551
-38.7551
-38.7551
-38.7551
-38.7551
-38.7551
-38.7551
-38.7551
-38.7551
-38.7551
-38.7551
-38.7551
-38.7551
-38.7551
-38.7551
-39.2617
-39.2617
-39.2617
-39.2617
-39.2617
-39.2617
-39.2617
-39.2617
-39.2617
-39.2617
-39.2617
-39.2617
-39.2617
-39.2617
-39.2617
-39.2617
-39.2617
-39.2617
-39.2617
-39.2617
-39.7683
-39.7683
-39.7683
-39.7683
-39.7683
-39.7683
-39.7683
-39.7683
-39.7683
-39.7683
-39.7683
-39.7683
-39.7683
-39.7683
-39.7683
-39.7683
-39.7683
-39.7683
-39.7683
-39.7683
-40.2749
-40.2749
-40.2749
-40.2749
-40.2749
-40.2749
-40.2749
-40.2749
-40.2749
-40.2749
-40.2749
-40.2749
-40.2749
-40.2749
-40.2749
-40.2749
-40.2749
-40.2749
-40.2749
-40.2749
-40.7815
-40.7815
-40.7815
-40.7815
-40.7815
-40.7815
-40.7815
-40.7815
-40.7815
-40.7815
-40.7815
-40.7815
-40.7815
-40.7815
-40.7815
-40.7815
-40.7815
-40.7815
-40.7815
-40.7815
-41.2881
-41.2881
-41.2881
-41.2881
-41.2881
-41.2881
-41.2881
-41.2881
-41.2881
-41.2881
-41.2881
-41.2881
-41.2881
-41.2881
-41.2881
-41.2881
-41.2881
-41.2881
-41.2881
-41.2881
-41.7947
-41.7947
-41.7947
-41.7947
-41.7947
-41.7947
-41.7947
-41.7947
-41.7947
-41.7947
-41.7947
-41.7947
-41.7947
-41.7947
-41.7947
-41.7947
-41.7947
-41.7947
-41.7947
-41.7947
-42.3013
-42.3013
-42.3013
-42.3013
-42.3013
-42.3013
-42.3013
-42.3013
-42.3013
-42.3013
-42.3013
-42.3013
-42.3013
-42.3013
-42.3013
-42.3013
-42.3013
-42.3013
-42.3013
-42.3013
-42.8079
-42.8079
-42.8079
-42.8079
-42.8079
-42.8079
-42.8079
-42.8079
-42.8079
-42.8079
-42.8079
-42.8079
-42.8079
-42.8079
-42.8079
-42.8079
-42.8079
-42.8079
-42.8079
-42.8079
-43.3145
-43.3145
-43.3145
-43.3145
-43.3145
-43.3145
-43.3145
-43.3145
-43.3145
-43.3145
-43.3145
-43.3145
-43.3145
-43.3145
-43.3145
-43.3145
-43.3145
-43.3145
-43.3145
-43.3145
-43.8211
-43.8211
-43.8211
-43.8211
-43.8211
-43.8211
-43.8211
-43.8211
-43.8211
-43.8211
-43.8211
-43.8211
-43.8211
-43.8211
-43.8211
-43.8211
-43.8211
-43.8211
-43.8211
-43.8211
-44.3277
-44.3277
-44.3277
-44.3277
-44.3277
-44.3277
-44.3277
-44.3277
-44.3277
-44.3277
-44.3277
-44.3277
-44.3277
-44.3277
-44.3277
-44.3277
-44.3277
-44.3277
-44.3277
-44.3277
-44.8344
-44.8344
-44.8344
-44.8344
-44.8344
-44.8344
-44.8344
-44.8344
-44.8344
-44.8344
-44.8344
-44.8344
-44.8344
-44.8344
-44.8344
-44.8344
-44.8344
-44.8344
-44.8344
-44.8344
-45.341
-45.341
-45.341
-45.341
-45.341
-45.341
-45.341
-45.341
-45.341
-45.341
-45.341
-45.341
-45.341
-45.341
-45.341
-45.341
-45.341
-45.341
-45.341
-45.341
-45.8476
-45.8476
-45.8476
-45.8476
-45.8476
-45.8476
-45.8476
-45.8476
-45.8476
-45.8476
-45.8476
-45.8476
-45.8476
-45.8476
-45.8476
-45.8476
-45.8476
-45.8476
-45.8476
-45.8476
-46.3542
-46.3542
-46.3542
-46.3542
-46.3542
-46.3542
-46.3542
-46.3542
-46.3542
-46.3542
-46.3542
-46.3542
-46.3542
-46.3542
-46.3542
-46.3542
-46.3542
-46.3542
-46.3542
-46.3542
-46.8608
-46.8608
-46.8608
-46.8608
-46.8608
-46.8608
-46.8608
-46.8608
-46.8608
-46.8608
-46.8608
-46.8608
-46.8608
-46.8608
-46.8608
-46.8608
-46.8608
-46.8608
-46.8608
-46.8608
-47.3674
-47.3674
-47.3674
-47.3674
-47.3674
-47.3674
-47.3674
-47.3674
-47.3674
-47.3674
-47.3674
-47.3674
-47.3674
-47.3674
-47.3674
-47.3674
-47.3674
-47.3674
-47.3674
-47.3674
-47.874
-47.874
-47.874
-47.874
-47.874
-47.874
-47.874
-47.874
-47.874
-47.874
-47.874
-47.874
-47.874
-47.874
-47.874
-47.874
-47.874
-47.874
-47.874
-47.874
-48.3806
-48.3806
-48.3806
-48.3806
-48.3806
-48.3806
-48.3806
-48.3806
-48.3806
-48.3806
-48.3806
-48.3806
-48.3806
-48.3806
-48.3806
-48.3806
-48.3806
-48.3806
-48.3806
-48.3806
-48.8872
-48.8872
-48.8872
-48.8872
-48.8872
-48.8872
-48.8872
-48.8872
-48.8872
-48.8872
-48.8872
-48.8872
-48.8872
-48.8872
-48.8872
-48.8872
-48.8872
-48.8872
-48.8872
-48.8872
-49.3938
-49.3938
-49.3938
-49.3938
-49.3938
-49.3938
-49.3938
-49.3938
-49.3938
-49.3938
-49.3938
-49.3938
-49.3938
-49.3938
-49.3938
-49.3938
-49.3938
-49.3938
-49.3938
-49.3938
-49.9004
-49.9004
-49.9004
-49.9004
-49.9004
-49.9004
-49.9004
-49.9004
-49.9004
-49.9004
-49.9004
-49.9004
-49.9004
-49.9004
-49.9004
-49.9004
-49.9004
-49.9004
-49.9004
-49.9004
-50.407
-50.407
-50.407
-50.407
-50.407
-50.407
-50.407
-50.407
-50.407
-50.407
-50.407
-50.407
-50.407
-50.407
-50.407
-50.407
-50.407
-50.407
-50.407
-50.407
-50.9136
-50.9136
-50.9136
-50.9136
-50.9136
-50.9136
-50.9136
-50.9136
-50.9136
-50.9136
-50.9136
-50.9136
-50.9136
-50.9136
-50.9136
-50.9136
-50.9136
-50.9136
-50.9136
-50.9136
-51.4202
-51.4202
-51.4202
-51.4202
-51.4202
-51.4202
-51.4202
-51.4202
-51.4202
-51.4202
-51.4202
-51.4202
-51.4202
-51.4202
-51.4202
-51.4202
-51.4202
-51.4202
-51.4202
-51.4202
-51.9268
-51.9268
-51.9268
-51.9268
-51.9268
-51.9268
-51.9268
-51.9268
-51.9268
-51.9268
-51.9268
-51.9268
-51.9268
-51.9268
-51.9268
-51.9268
-51.9268
-51.9268
-51.9268
-51.9268
-52.4334
-52.4334
-52.4334
-52.4334
-52.4334
-52.4334
-52.4334
-52.4334
-52.4334
-52.4334
-52.4334
-52.4334
-52.4334
-52.4334
-52.4334
-52.4334
-52.4334
-52.4334
-52.4334
-52.4334
-52.94
-52.94
-52.94
-52.94
-52.94
-52.94
-52.94
-52.94
-52.94
-52.94
-52.94
-52.94
-52.94
-52.94
-52.94
-52.94
-52.94
-52.94
-52.94
-52.94
-53.4466
-53.4466
-53.4466
-53.4466
-53.4466
-53.4466
-53.4466
-53.4466
-53.4466
-53.4466
-53.4466
-53.4466
-53.4466
-53.4466
-53.4466
-53.4466
-53.4466
-53.4466
-53.4466
-53.4466
-53.9532
-53.9532
-53.9532
-53.9532
-53.9532
-53.9532
-53.9532
-53.9532
-53.9532
-53.9532
-53.9532
-53.9532
-53.9532
-53.9532
-53.9532
-53.9532
-53.9532
-53.9532
-53.9532
-53.9532
-54.4598
-54.4598
-54.4598
-54.4598
-54.4598
-54.4598
-54.4598
-54.4598
-54.4598
-54.4598
-54.4598
-54.4598
-54.4598
-54.4598
-54.4598
-54.4598
-54.4598
-54.4598
-54.4598
-54.4598
-54.9664
-54.9664
-54.9664
-54.9664
-54.9664
-54.9664
-54.9664
-54.9664
-54.9664
-54.9664
-54.9664
-54.9664
-54.9664
-54.9664
-54.9664
-54.9664
-54.9664
-54.9664
-54.9664
-54.9664
-55.473
-55.473
-55.473
-55.473
-55.473
-55.473
-55.473
-55.473
-55.473
-55.473
-55.473
-55.473
-55.473
-55.473
-55.473
-55.473
-55.473
-55.473
-55.473
-55.473
-55.9796
-55.9796
-55.9796
-55.9796
-55.9796
-55.9796
-55.9796
-55.9796
-55.9796
-55.9796
-55.9796
-55.9796
-55.9796
-55.9796
-55.9796
-55.9796
-55.9796
-55.9796
-55.9796
-55.9796
-56.4862
-56.4862
-56.4862
-56.4862
-56.4862
-56.4862
-56.4862
-56.4862
-56.4862
-56.4862
-56.4862
-56.4862
-56.4862
-56.4862
-56.4862
-56.4862
-56.4862
-56.4862
-56.4862
-56.4862
-56.9928
-56.9928
-56.9928
-56.9928
-56.9928
-56.9928
-56.9928
-56.9928
-56.9928
-56.9928
-56.9928
-56.9928
-56.9928
-56.9928
-56.9928
-56.9928
-56.9928
-56.9928
-56.9928
-56.9928
-57.4994
-57.4994
-57.4994
-57.4994
-57.4994
-57.4994
-57.4994
-57.4994
-57.4994
-57.4994
-57.4994
-57.4994
-57.4994
-57.4994
-57.4994
-57.4994
-57.4994
-57.4994
-57.4994
-57.4994
-58.006
-58.006
-58.006
-58.006
-58.006
-58.006
-58.006
-58.006
-58.006
-58.006
-58.006
-58.006
-58.006
-58.006
-58.006
-58.006
-58.006
-58.006
-58.006
-58.006
-58.5126
-58.5126
-58.5126
-58.5126
-58.5126
-58.5126
-58.5126
-58.5126
-58.5126
-58.5126
-58.5126
-58.5126
-58.5126
-58.5126
-58.5126
-58.5126
-58.5126
-58.5126
-58.5126
-58.5126
-59.0192
-59.0192
-59.0192
-59.0192
-59.0192
-59.0192
-59.0192
-59.0192
-59.0192
-59.0192
-59.0192
-59.0192
-59.0192
-59.0192
-59.0192
-59.0192
-59.0192
-59.0192
-59.0192
-59.0192
-59.5258
-59.5258
-59.5258
-59.5258
-59.5258
-59.5258
-59.5258
-59.5258
-59.5258
-59.5258
-59.5258
-59.5258
-59.5258
-59.5258
-59.5258
-59.5258
-59.5258
-59.5258
-59.5258
-59.5258
-60.0324
-60.0324
-60.0324
-60.0324
-60.0324
-60.0324
-60.0324
-60.0324
-60.0324
-60.0324
-60.0324
-60.0324
-60.0324
-60.0324
-60.0324
-60.0324
-60.0324
-60.0324
-60.0324
-60.0324
-60.539
-60.539
-60.539
-60.539
-60.539
-60.539
-60.539
-60.539
-60.539
-60.539
-60.539
-60.539
-60.539
-60.539
-60.539
-60.539
-60.539
-60.539
-60.539
-60.539
-61.0456
-61.0456
-61.0456
-61.0456
-61.0456
-61.0456
-61.0456
-61.0456
-61.0456
-61.0456
-61.0456
-61.0456
-61.0456
-61.0456
-61.0456
-61.0456
-61.0456
-61.0456
-61.0456
-61.0456
-61.5522
-61.5522
-61.5522
-61.5522
-61.5522
-61.5522
-61.5522
-61.5522
-61.5522
-61.5522
-61.5522
-61.5522
-61.5522
-61.5522
-61.5522
-61.5522
-61.5522
-61.5522
-61.5522
-61.5522
-62.0588
-62.0588
-62.0588
-62.0588
-62.0588
-62.0588
-62.0588
-62.0588
-62.0588
-62.0588
-62.0588
-62.0588
-62.0588
-62.0588
-62.0588
-62.0588
-62.0588
-62.0588
-62.0588
-62.0588
-62.5655
-62.5655
-62.5655
-62.5655
-62.5655
-62.5655
-62.5655
-62.5655
-62.5655
-62.5655
-62.5655
-62.5655
-62.5655
-62.5655
-62.5655
-62.5655
-62.5655
-62.5655
-62.5655
-62.5655
-63.0721
-63.0721
-63.0721
-63.0721
-63.0721
-63.0721
-63.0721
-63.0721
-63.0721
-63.0721
-63.0721
-63.0721
-63.0721
-63.0721
-63.0721
-63.0721
-63.0721
-63.0721
-63.0721
-63.0721
-63.5787
-63.5787
-63.5787
-63.5787
-63.5787
-63.5787
-63.5787
-63.5787
-63.5787
-63.5787
-63.5787
-63.5787
-63.5787
-63.5787
-63.5787
-63.5787
-63.5787
-63.5787
-63.5787
-63.5787
-64.0853
-64.0853
-64.0853
-64.0853
-64.0853
-64.0853
-64.0853
-64.0853
-64.0853
-64.0853
-64.0853
-64.0853
-64.0853
-64.0853
-64.0853
-64.0853
-64.0853
-64.0853
-64.0853
-64.0853
-64.5919
-64.5919
-64.5919
-64.5919
-64.5919
-64.5919
-64.5919
-64.5919
-64.5919
-64.5919
-64.5919
-64.5919
-64.5919
-64.5919
-64.5919
-64.5919
-64.5919
-64.5919
-64.5919
-64.5919
-65.0985
-65.0985
-65.0985
-65.0985
-65.0985
-65.0985
-65.0985
-65.0985
-65.0985
-65.0985
-65.0985
-65.0985
-65.0985
-65.0985
-65.0985
-65.0985
-65.0985
-65.0985
-65.0985
-65.0985
-65.6051
-65.6051
-65.6051
-65.6051
-65.6051
-65.6051
-65.6051
-65.6051
-65.6051
-65.6051
-65.6051
-65.6051
-65.6051
-65.6051
-65.6051
-65.6051
-65.6051
-65.6051
-65.6051
-65.6051
-66.1117
-66.1117
-66.1117
-66.1117
-66.1117
-66.1117
-66.1117
-66.1117
-66.1117
-66.1117
-66.1117
-66.1117
-66.1117
-66.1117
-66.1117
-66.1117
-66.1117
-66.1117
-66.1117
-66.1117
-66.6183
-66.6183
-66.6183
-66.6183
-66.6183
-66.6183
-66.6183
-66.6183
-66.6183
-66.6183
-66.6183
-66.6183
-66.6183
-66.6183
-66.6183
-66.6183
-66.6183
-66.6183
-66.6183
-66.6183
-67.1249
-67.1249
-67.1249
-67.1249
-67.1249
-67.1249
-67.1249
-67.1249
-67.1249
-67.1249
-67.1249
-67.1249
-67.1249
-67.1249
-67.1249
-67.1249
-67.1249
-67.1249
-67.1249
-67.1249
-67.6315
-67.6315
-67.6315
-67.6315
-67.6315
-67.6315
-67.6315
-67.6315
-67.6315
-67.6315
-67.6315
-67.6315
-67.6315
-67.6315
-67.6315
-67.6315
-67.6315
-67.6315
-67.6315
-67.6315
-68.1381
-68.1381
-68.1381
-68.1381
-68.1381
-68.1381
-68.1381
-68.1381
-68.1381
-68.1381
-68.1381
-68.1381
-68.1381
-68.1381
-68.1381
-68.1381
-68.1381
-68.1381
-68.1381
-68.1381
-68.6447
-68.6447
-68.6447
-68.6447
-68.6447
-68.6447
-68.6447
-68.6447
-68.6447
-68.6447
-68.6447
-68.6447
-68.6447
-68.6447
-68.6447
-68.6447
-68.6447
-68.6447
-68.6447
-68.6447
-69.1513
-69.1513
-69.1513
-69.1513
-69.1513
-69.1513
-69.1513
-69.1513
-69.1513
-69.1513
-69.1513
-69.1513
-69.1513
-69.1513
-69.1513
-69.1513
-69.1513
-69.1513
-69.1513
-69.1513
-69.6579
-69.6579
-69.6579
-69.6579
-69.6579
-69.6579
-69.6579
-69.6579
-69.6579
-69.6579
-69.6579
-69.6579
-69.6579
-69.6579
-69.6579
-69.6579
-69.6579
-69.6579
-69.6579
-69.6579
-70.1645
-70.1645
-70.1645
-70.1645
-70.1645
-70.1645
-70.1645
-70.1645
-70.1645
-70.1645
-70.1645
-70.1645
-70.1645
-70.1645
-70.1645
-70.1645
-70.1645
-70.1645
-70.1645
-70.1645
-70.6711
-70.6711
-70.6711
-70.6711
-70.6711
-70.6711
-70.6711
-70.6711
-70.6711
-70.6711
-70.6711
-70.6711
-70.6711
-70.6711
-70.6711
-70.6711
-70.6711
-70.6711
-70.6711
-70.6711
-71.1777
-71.1777
-71.1777
-71.1777
-71.1777
-71.1777
-71.1777
-71.1777
-71.1777
-71.1777
-71.1777
-71.1777
-71.1777
-71.1777
-71.1777
-71.1777
-71.1777
-71.1777
-71.1777
-71.1777
-71.6843
-71.6843
-71.6843
-71.6843
-71.6843
-71.6843
-71.6843
-71.6843
-71.6843
-71.6843
-71.6843
-71.6843
-71.6843
-71.6843
-71.6843
-71.6843
-71.6843
-71.6843
-71.6843
-71.6843
-72.1909
-72.1909
-72.1909
-72.1909
-72.1909
-72.1909
-72.1909
-72.1909
-72.1909
-72.1909
-72.1909
-72.1909
-72.1909
-72.1909
-72.1909
-72.1909
-72.1909
-72.1909
-72.1909
-72.1909
-72.6975
-72.6975
-72.6975
-72.6975
-72.6975
-72.6975
-72.6975
-72.6975
-72.6975
-72.6975
-72.6975
-72.6975
-72.6975
-72.6975
-72.6975
-72.6975
-72.6975
-72.6975
-72.6975
-72.6975
-73.2041
-73.2041
-73.2041
-73.2041
-73.2041
-73.2041
-73.2041
-73.2041
-73.2041
-73.2041
-73.2041
-73.2041
-73.2041
-73.2041
-73.2041
-73.2041
-73.2041
-73.2041
-73.2041
-73.2041
-73.7107
-73.7107
-73.7107
-73.7107
-73.7107
-73.7107
-73.7107
-73.7107
-73.7107
-73.7107
-73.7107
-73.7107
-73.7107
-73.7107
-73.7107
-73.7107
-73.7107
-73.7107
-73.7107
-73.7107
-74.2173
-74.2173
-74.2173
-74.2173
-74.2173
-74.2173
-74.2173
-74.2173
-74.2173
-74.2173
-74.2173
-74.2173
-74.2173
-74.2173
-74.2173
-74.2173
-74.2173
-74.2173
-74.2173
-74.2173
-74.7239
-74.7239
-74.7239
-74.7239
-74.7239
-74.7239
-74.7239
-74.7239
-74.7239
-74.7238
-74.7238
-74.7238
-74.7239
-74.7239
-74.7239
-74.7239
-74.7239
-74.7239
-74.7239
-74.7239
-75.2305
-75.2305
-75.2305
-75.2306
-75.2305
-75.2305
-75.2305
-75.2305
-75.2304
-75.2304
-75.2304
-75.2304
-75.2304
-75.2305
-75.2305
-75.2305
-75.2305
-75.2305
-75.2305
-75.2304
-75.7371
-75.7371
-75.7372
-75.7372
-75.7371
-75.7371
-75.7371
-75.737
-75.737
-75.737
-75.737
-75.737
-75.737
-75.737
-75.7371
-75.7371
-75.7371
-75.7371
-75.737
-75.737
-76.2437
-76.2437
-76.2438
-76.2438
-76.2437
-76.2437
-76.2437
-76.2436
-76.2436
-76.2435
-76.2435
-76.2435
-76.2436
-76.2436
-76.2436
-76.2437
-76.2437
-76.2437
-76.2436
-76.2436
-76.7503
-76.7503
-76.7503
-76.7504
-76.7503
-76.7503
-76.7502
-76.7502
-76.7501
-76.7501
-76.75
-76.7501
-76.7501
-76.7502
-76.7502
-76.7503
-76.7503
-76.7502
-76.7502
-76.7501
-77.2568
-77.2569
-77.2569
-77.257
-77.2569
-77.2569
-77.2568
-77.2567
-77.2566
-77.2565
-77.2565
-77.2566
-77.2566
-77.2567
-77.2568
-77.2568
-77.2568
-77.2568
-77.2567
-77.2567
-77.7634
-77.7635
-77.7635
-77.7636
-77.7635
-77.7634
-77.7633
-77.7632
-77.7631
-77.763
-77.763
-77.763
-77.7631
-77.7632
-77.7633
-77.7634
-77.7634
-77.7634
-77.7633
-77.7632
-78.2699
-78.27
-78.2701
-78.2702
-78.2701
-78.27
-78.2698
-78.2696
-78.2695
-78.2694
-78.2694
-78.2694
-78.2696
-78.2697
-78.2699
-78.27
-78.27
-78.2699
-78.2698
-78.2697
-78.7764
-78.7766
-78.7767
-78.7767
-78.7767
-78.7765
-78.7763
-78.7761
-78.7759
-78.7757
-78.7757
-78.7758
-78.776
-78.7762
-78.7764
-78.7765
-78.7765
-78.7765
-78.7763
-78.7761
-79.2828
-79.2831
-79.2833
-79.2833
-79.2833
-79.283
-79.2827
-79.2824
-79.2821
-79.282
-79.2819
-79.2821
-79.2823
-79.2826
-79.2828
-79.283
-79.2831
-79.283
-79.2828
-79.2826
-79.7892
-79.7896
-79.7898
-79.7899
-79.7898
-79.7895
-79.7891
-79.7886
-79.7883
-79.7881
-79.7881
-79.7882
-79.7885
-79.7889
-79.7893
-79.7895
-79.7896
-79.7895
-79.7892
-79.7889
-80.2956
-80.296
-80.2964
-80.2965
-80.2963
-80.2959
-80.2953
-80.2948
-80.2943
-80.294
-80.294
-80.2942
-80.2946
-80.2951
-80.2956
-80.296
-80.2961
-80.296
-80.2956
-80.2952
-80.8018
-80.8024
-80.8029
-80.803
-80.8028
-80.8022
-80.8015
-80.8007
-80.8001
-80.7997
-80.7997
-80.8
-80.8005
-80.8012
-80.8019
-80.8025
-80.8026
-80.8025
-80.802
-80.8013
-81.308
-81.3088
-81.3094
-81.3096
-81.3093
-81.3085
-81.3075
-81.3064
-81.3056
-81.3051
-81.3051
-81.3055
-81.3062
-81.3072
-81.3081
-81.3088
-81.3091
-81.3089
-81.3083
-81.3074
-81.814
-81.8151
-81.8159
-81.8161
-81.8156
-81.8146
-81.8132
-81.8118
-81.8108
-81.8101
-81.8101
-81.8106
-81.8116
-81.8129
-81.8142
-81.8152
-81.8156
-81.8154
-81.8145
-81.8133
-82.3198
-82.3214
-82.3225
-82.3227
-82.322
-82.3205
-82.3187
-82.3169
-82.3154
-82.3146
-82.3146
-82.3153
-82.3166
-82.3183
-82.32
-82.3214
-82.322
-82.3218
-82.3207
-82.3191
-82.8255
-82.8276
-82.829
-82.8292
-82.8282
-82.8262
-82.8238
-82.8214
-82.8195
-82.8185
-82.8184
-82.8193
-82.821
-82.8233
-82.8256
-82.8275
-82.8285
-82.8282
-82.8268
-82.8246
-83.331
-83.3339
-83.3357
-83.3358
-83.3343
-83.3316
-83.3283
-83.3252
-83.3227
-83.3214
-83.3213
-83.3225
-83.3248
-83.3278
-83.3309
-83.3335
-83.3349
-83.3348
-83.3329
-83.33
-83.8363
-83.8402
-83.8425
-83.8425
-83.8403
-83.8366
-83.8322
-83.8281
-83.8249
-83.8232
-83.8231
-83.8246
-83.8276
-83.8316
-83.8358
-83.8394
-83.8415
-83.8414
-83.8391
-83.8352
-84.3416
-84.3468
-84.3497
-84.3493
-84.3461
-84.3411
-84.3352
-84.3298
-84.3258
-84.3236
-84.3235
-84.3254
-84.3293
-84.3345
-84.3401
-84.3451
-84.3481
-84.3484
-84.3455
-84.3402
-84.8468
-84.854
-84.8574
-84.8565
-84.8518
-84.8449
-84.8372
-84.8301
-84.8249
-84.8222
-84.8221
-84.8245
-84.8295
-84.8363
-84.8438
-84.8506
-84.8551
-84.856
-84.8524
-84.8452
-85.3523
-85.3621
-85.3662
-85.3642
-85.3575
-85.3479
-85.3377
-85.3286
-85.322
-85.3186
-85.3185
-85.3215
-85.3278
-85.3366
-85.3466
-85.356
-85.3626
-85.3646
-85.3604
-85.3505
-85.859
-85.8722
-85.8768
-85.873
-85.8631
-85.8499
-85.8363
-85.8247
-85.8165
-85.8123
-85.8121
-85.8159
-85.8238
-85.8351
-85.8484
-85.8614
-85.8711
-85.8748
-85.8701
-85.857
-86.3684
-86.3854
-86.3903
-86.3834
-86.3689
-86.3506
-86.3327
-86.3179
-86.3078
-86.3029
-86.3026
-86.3071
-86.3168
-86.3312
-86.3488
-86.3668
-86.3813
-86.388
-86.3831
-86.3661
-86.8834
-86.9043
-86.9085
-86.8968
-86.8752
-86.8496
-86.8259
-86.8074
-86.7954
-86.7896
-86.7893
-86.7945
-86.8061
-86.8241
-86.8475
-86.8728
-86.8943
-86.9059
-86.9017
-86.8807
-87.4081
-87.4327
-87.4345
-87.4148
-87.3825
-87.3463
-87.3146
-87.2921
-87.2786
-87.2722
-87.2718
-87.2775
-87.2904
-87.3123
-87.3437
-87.3797
-87.4118
-87.4314
-87.4296
-87.4051
-87.9495
-87.9765
-87.9726
-87.9403
-87.8919
-87.8392
-87.7963
-87.7702
-87.757
-87.7502
-87.7498
-87.7556
-87.768
-87.7935
-87.836
-87.8885
-87.9368
-87.9691
-87.9731
-87.9461
-88.5185
-88.5453
-88.5295
-88.4775
-88.4051
-88.3258
-88.2658
-88.2386
-88.2308
-88.2241
-88.2235
-88.229
-88.2358
-88.2622
-88.3218
-88.401
-88.4734
-88.5255
-88.5415
-88.5147
-89.132
-89.1529
-89.1167
-89.0322
-88.9257
-88.7998
-88.7101
-88.6911
-88.7031
-88.6953
-88.6945
-88.7007
-88.6874
-88.7056
-88.7948
-88.9207
-89.0274
-89.1123
-89.1487
-89.128
-89.807
-89.8268
-89.7585
-89.5993
-89.4487
-89.2276
-89.0772
-89.1139
-89.1937
-89.1669
-89.1659
-89.1904
-89.1089
-89.0711
-89.2211
-89.4426
-89.5938
-89.7537
-89.8224
-89.8029
-90.551
-90.6217
-90.429
-90.0135
-89.7818
-89.3724
-89.0027
-89.3186
-89.6923
-89.4722
-89.4708
-89.6875
-89.3117
-88.9945
-89.3637
-89.7743
-90.0073
-90.4238
-90.6175
-90.547
-91.2954
-91.5631
-90.4882
-88.4266
-87.3502
-84.6897
-82.0894
-75.2765
-67.1858
-61.9912
-61.9877
-67.1775
-75.2702
-82.081
-84.6794
-87.3417
-88.4203
-90.4832
-91.5594
-91.2919
-91.7265
-91.0846
-84.1058
-75.9235
-65.1577
-47.5823
-24.4397
-12.1662
-6.36562
-4.30003
-4.30114
-6.36801
-12.1655
-24.4358
-47.5808
-65.1551
-75.9192
-84.1014
-91.0818
-91.7236
-93.2387
-79.6136
-59.6793
-38.1101
-14.1867
-2.8316
-1.14756
-0.18218
-0.11691
-0.0807815
-0.0810498
-0.117218
-0.183323
-1.14828
-2.82899
-14.1839
-38.1099
-59.6751
-79.6094
-93.237
-78.4515
-38.4071
-17.9183
-1.60108
-1.47479
-0.319407
-0.113055
-0.0974809
-0.0799073
-0.074003
-0.0740588
-0.079871
-0.0973533
-0.112161
-0.317777
-1.47518
-1.59228
-17.9138
-38.404
-78.4486
-29.1001
-1.96385
-2.62174
-0.602211
-0.0509941
-0.0886695
-0.0595988
-0.0783215
-0.0745555
-0.0730745
-0.0731632
-0.0738917
-0.0767508
-0.0575601
-0.0863757
-0.0476775
-0.599119
-2.61929
-1.93906
-29.0976
-5.65411
-0.456895
-0.438264
-0.129061
0.0147035
0.0132625
-0.00616427
-0.0524032
-0.0910309
-0.0778868
-0.0794964
-0.0872709
-0.053708
-0.00452525
0.0174292
0.0204631
-0.121857
-0.428938
-0.451121
-5.6381
-0.25618
-0.217173
0.0495459
-0.356885
-0.142018
-0.0427264
-0.0692791
-0.0500069
-0.0898159
-0.0784951
-0.0787763
-0.0905631
-0.0536033
-0.0688839
-0.0417432
-0.130102
-0.346971
0.0533363
-0.210343
-0.246413
0.0419205
-0.0214905
0.0687693
-0.133045
-0.0759192
-0.0175902
-0.0294583
-0.0634214
-0.0746923
-0.0724388
-0.0709013
-0.0800383
-0.0652027
-0.020204
-0.0227226
-0.0636528
-0.123528
0.0745857
-0.0194736
0.0488027
0.0443158
-0.00922418
0.0838124
0.0030019
-0.0213235
-0.0489193
0.000259909
-0.0612325
-0.0666935
-0.0665635
-0.0658004
-0.0722636
-0.0679157
-0.00786945
-0.035808
-0.00374119
0.0185991
0.0775466
-0.00492662
0.0511535
0.0523933
-0.00860904
0.0141226
0.00634063
-0.0225451
0.0121894
-0.0181518
-0.0507133
-0.0600421
-0.0607747
-0.0609445
-0.0628362
-0.0557811
-0.0195907
0.000771728
-0.0146587
0.00758539
0.017087
-0.00785575
0.0538164
0.0425115
-0.0128943
0.000811068
0.0266478
-0.0213777
-0.0351644
-0.0403348
-0.0523907
-0.0560822
-0.057001
-0.0572807
-0.0572445
-0.0535543
-0.040843
-0.0358494
0.000585016
0.0471912
0.00365705
-0.0103954
0.039543
-0.0202352
-0.0319043
-0.0291291
-0.0416493
-0.043545
-0.0455373
-0.048531
-0.0522275
-0.0539157
-0.0546441
-0.0548803
-0.0546506
-0.0530806
-0.0493839
-0.0463556
-0.0481512
-0.0403255
-0.0240023
-0.0284352
-0.0193165
-0.0380807
-0.041145
-0.0328025
-0.0421223
-0.0481149
-0.0492513
-0.0500214
-0.0515123
-0.0525948
-0.0531587
-0.0533368
-0.0531484
-0.0523828
-0.0513875
-0.0512597
-0.0503968
-0.0408727
-0.0298542
-0.0385208
-0.0363986
-0.0341204
-0.0398359
-0.039562
-0.0439335
-0.0475964
-0.0492089
-0.0500863
-0.0510529
-0.0518031
-0.0522317
-0.0523606
-0.0521999
-0.0516934
-0.0509592
-0.0501823
-0.0483928
-0.0430865
-0.0377866
-0.0380668
-0.0326063
-0.0386937
-0.0414785
-0.0432838
-0.0458741
-0.0479638
-0.0492531
-0.0501239
-0.0508681
-0.0514189
-0.0517315
-0.0518163
-0.0516737
-0.0512632
-0.0506022
-0.0497126
-0.0482307
-0.0452659
-0.0421192
-0.0401738
-0.0374331
-0.0443822
-0.0451287
-0.0458269
-0.0473005
-0.0486507
-0.0496298
-0.0503581
-0.0509417
-0.0513589
-0.051589
-0.0516403
-0.0515092
-0.0511644
-0.0506023
-0.0498179
-0.0486542
-0.0468247
-0.0450001
-0.0441616
-0.0433975
-0.0478202
-0.0478332
-0.0479662
-0.0487037
-0.0495351
-0.0502339
-0.0507915
-0.0512327
-0.0515435
-0.0517106
-0.0517385
-0.0516229
-0.0513427
-0.0508921
-0.0502664
-0.0494168
-0.0483113
-0.0473515
-0.0471028
-0.0470523
-0.0499909
-0.0497564
-0.0496782
-0.0500213
-0.0505058
-0.0509703
-0.0513668
-0.0516846
-0.0519082
-0.0520258
-0.0520382
-0.0519416
-0.0517231
-0.0513811
-0.0509198
-0.0503413
-0.049689
-0.0492004
-0.0491886
-0.0493832
-0.0514817
-0.0512041
-0.0510564
-0.0511976
-0.0514678
-0.0517602
-0.0520268
-0.0522457
-0.0524004
-0.0524798
-0.0524824
-0.0524054
-0.0522416
-0.0519929
-0.0516699
-0.0512923
-0.0509119
-0.050671
-0.0507499
-0.0509915
-0.0525998
-0.0523568
-0.0522034
-0.0522438
-0.052386
-0.0525614
-0.0527321
-0.0528765
-0.0529792
-0.0530302
-0.053027
-0.0529676
-0.0528485
-0.0526737
-0.0524552
-0.052215
-0.0519958
-0.051884
-0.0519842
-0.0521963
-0.0535158
-0.0533263
-0.0531933
-0.0531869
-0.053255
-0.0533546
-0.0534588
-0.0535496
-0.0536145
-0.0536451
-0.0536386
-0.0535937
-0.053509
-0.0533891
-0.0532446
-0.0530945
-0.0529697
-0.0529231
-0.0530142
-0.0531776
-0.0543237
-0.0541843
-0.0540787
-0.054054
-0.0540811
-0.0541337
-0.0541935
-0.0542475
-0.0542858
-0.0543022
-0.054294
-0.0542601
-0.0542006
-0.0541194
-0.0540253
-0.0539324
-0.0538622
-0.0538463
-0.0539186
-0.054036
-0.0550751
-0.0549762
-0.0548965
-0.0548676
-0.0548734
-0.0548981
-0.0549297
-0.0549592
-0.0549797
-0.0549863
-0.0549771
-0.0549514
-0.0549096
-0.0548548
-0.0547938
-0.0547365
-0.054697
-0.0546943
-0.0547473
-0.0548277
-0.0557983
-0.0557299
-0.0556718
-0.0556451
-0.0556408
-0.0556497
-0.0556642
-0.0556782
-0.055687
-0.0556873
-0.0556777
-0.0556577
-0.0556279
-0.0555907
-0.0555509
-0.0555152
-0.0554926
-0.0554945
-0.055531
-0.0555841
-0.0565087
-0.0564623
-0.0564211
-0.0563987
-0.0563906
-0.0563911
-0.0563957
-0.0564002
-0.0564018
-0.0563983
-0.0563886
-0.0563727
-0.056351
-0.0563252
-0.0562987
-0.0562759
-0.0562624
-0.0562649
-0.0562887
-0.0563224
-0.0572143
-0.0571834
-0.0571546
-0.057137
-0.057128
-0.0571245
-0.0571236
-0.0571229
-0.0571204
-0.0571147
-0.0571054
-0.0570924
-0.057076
-0.0570577
-0.0570394
-0.0570242
-0.0570155
-0.057017
-0.0570315
-0.0570519
-0.0579192
-0.0578988
-0.057879
-0.0578655
-0.057857
-0.0578519
-0.0578483
-0.0578448
-0.0578402
-0.0578337
-0.057825
-0.0578141
-0.0578015
-0.0577879
-0.0577748
-0.0577641
-0.0577578
-0.057758
-0.0577659
-0.0577775
-0.0586253
-0.0586119
-0.0585983
-0.058588
-0.0585806
-0.058575
-0.0585704
-0.0585656
-0.0585602
-0.0585536
-0.0585456
-0.0585365
-0.0585264
-0.058516
-0.0585062
-0.0584982
-0.0584931
-0.0584922
-0.0584957
-0.0585016
-0.0593332
-0.0593244
-0.059315
-0.0593072
-0.0593009
-0.0592955
-0.0592905
-0.0592854
-0.0592798
-0.0592735
-0.0592664
-0.0592587
-0.0592505
-0.0592423
-0.0592347
-0.0592283
-0.059224
-0.0592222
-0.059223
-0.0592254
-0.0600434
-0.0600375
-0.0600308
-0.0600248
-0.0600194
-0.0600145
-0.0600096
-0.0600046
-0.0599993
-0.0599935
-0.0599872
-0.0599806
-0.0599739
-0.0599673
-0.0599611
-0.0599559
-0.0599521
-0.0599498
-0.059949
-0.0599493
-0.0607557
-0.0607516
-0.0607468
-0.0607421
-0.0607375
-0.060733
-0.0607285
-0.0607237
-0.0607188
-0.0607136
-0.0607081
-0.0607025
-0.0606969
-0.0606914
-0.0606863
-0.060682
-0.0606785
-0.0606761
-0.0606745
-0.0606737
-0.0614701
-0.0614673
-0.0614637
-0.0614599
-0.0614559
-0.0614519
-0.0614477
-0.0614434
-0.0614388
-0.0614342
-0.0614294
-0.0614245
-0.0614198
-0.0614152
-0.0614109
-0.0614072
-0.0614042
-0.0614017
-0.0613998
-0.0613985
-0.0621866
-0.0621845
-0.0621817
-0.0621786
-0.0621752
-0.0621715
-0.0621678
-0.0621638
-0.0621597
-0.0621555
-0.0621513
-0.0621471
-0.062143
-0.0621391
-0.0621355
-0.0621323
-0.0621296
-0.0621273
-0.0621253
-0.0621239
-0.062905
-0.0629033
-0.0629011
-0.0628985
-0.0628955
-0.0628923
-0.0628889
-0.0628853
-0.0628816
-0.0628779
-0.0628741
-0.0628704
-0.0628669
-0.0628635
-0.0628604
-0.0628576
-0.0628552
-0.0628531
-0.0628513
-0.0628499
-0.063625
-0.0636236
-0.0636219
-0.0636196
-0.063617
-0.0636142
-0.0636111
-0.0636079
-0.0636046
-0.0636012
-0.0635979
-0.0635946
-0.0635915
-0.0635885
-0.0635858
-0.0635833
-0.0635812
-0.0635794
-0.0635777
-0.0635765
-0.0643464
-0.0643453
-0.0643439
-0.0643419
-0.0643397
-0.0643372
-0.0643344
-0.0643315
-0.0643286
-0.0643255
-0.0643226
-0.0643196
-0.0643168
-0.0643142
-0.0643118
-0.0643097
-0.0643078
-0.0643062
-0.0643047
-0.0643037
-0.0650691
-0.0650682
-0.065067
-0.0650653
-0.0650634
-0.0650611
-0.0650587
-0.0650561
-0.0650534
-0.0650507
-0.0650481
-0.0650454
-0.065043
-0.0650406
-0.0650385
-0.0650365
-0.0650349
-0.0650335
-0.0650322
-0.0650313
-0.0657928
-0.0657921
-0.065791
-0.0657896
-0.0657879
-0.0657859
-0.0657838
-0.0657815
-0.0657791
-0.0657767
-0.0657743
-0.0657719
-0.0657697
-0.0657676
-0.0657657
-0.065764
-0.0657625
-0.0657612
-0.0657601
-0.0657594
-0.0665174
-0.0665167
-0.0665158
-0.0665146
-0.0665131
-0.0665114
-0.0665095
-0.0665075
-0.0665053
-0.0665032
-0.066501
-0.0664989
-0.0664969
-0.066495
-0.0664933
-0.0664918
-0.0664905
-0.0664894
-0.0664884
-0.0664878
-0.0672425
-0.067242
-0.0672412
-0.0672402
-0.0672389
-0.0672374
-0.0672357
-0.0672339
-0.0672321
-0.0672301
-0.0672282
-0.0672264
-0.0672246
-0.0672229
-0.0672213
-0.06722
-0.0672188
-0.0672178
-0.067217
-0.0672164
-0.0679682
-0.0679678
-0.0679671
-0.0679662
-0.0679651
-0.0679638
-0.0679623
-0.0679608
-0.0679591
-0.0679574
-0.0679557
-0.0679541
-0.0679525
-0.0679509
-0.0679496
-0.0679483
-0.0679473
-0.0679464
-0.0679457
-0.0679452
-0.0686944
-0.068694
-0.0686934
-0.0686926
-0.0686916
-0.0686905
-0.0686892
-0.0686879
-0.0686864
-0.0686849
-0.0686834
-0.068682
-0.0686805
-0.0686792
-0.068678
-0.0686769
-0.0686759
-0.0686752
-0.0686745
-0.0686741
-0.0694208
-0.0694205
-0.06942
-0.0694193
-0.0694185
-0.0694175
-0.0694164
-0.0694152
-0.0694139
-0.0694126
-0.0694113
-0.06941
-0.0694087
-0.0694075
-0.0694064
-0.0694055
-0.0694046
-0.0694039
-0.0694034
-0.0694031
-0.0701475
-0.0701472
-0.0701468
-0.0701462
-0.0701455
-0.0701446
-0.0701437
-0.0701426
-0.0701415
-0.0701404
-0.0701392
-0.0701381
-0.070137
-0.0701359
-0.0701349
-0.0701341
-0.0701333
-0.0701327
-0.0701323
-0.070132
-0.0708744
-0.0708741
-0.0708738
-0.0708733
-0.0708726
-0.0708719
-0.0708711
-0.0708702
-0.0708692
-0.0708682
-0.0708672
-0.0708662
-0.0708652
-0.0708643
-0.0708635
-0.0708627
-0.070862
-0.0708615
-0.0708611
-0.0708608
-0.0716014
-0.0716012
-0.0716009
-0.0716005
-0.0715999
-0.0715993
-0.0715986
-0.0715978
-0.0715969
-0.0715961
-0.0715952
-0.0715943
-0.0715935
-0.0715927
-0.0715919
-0.0715912
-0.0715907
-0.0715902
-0.0715898
-0.0715896
-0.0723286
-0.0723284
-0.0723281
-0.0723278
-0.0723273
-0.0723267
-0.0723261
-0.0723254
-0.0723247
-0.072324
-0.0723232
-0.0723224
-0.0723217
-0.072321
-0.0723203
-0.0723197
-0.0723192
-0.0723188
-0.0723185
-0.0723183
-0.0730558
-0.0730557
-0.0730554
-0.0730551
-0.0730547
-0.0730543
-0.0730537
-0.0730531
-0.0730525
-0.0730518
-0.0730512
-0.0730505
-0.0730499
-0.0730492
-0.0730487
-0.0730482
-0.0730477
-0.0730474
-0.0730471
-0.0730469
-0.0737832
-0.073783
-0.0737828
-0.0737826
-0.0737822
-0.0737818
-0.0737813
-0.0737808
-0.0737803
-0.0737797
-0.0737791
-0.0737786
-0.073778
-0.0737774
-0.073777
-0.0737765
-0.0737761
-0.0737758
-0.0737755
-0.0737754
-0.0745105
-0.0745104
-0.0745103
-0.07451
-0.0745097
-0.0745094
-0.074509
-0.0745085
-0.0745081
-0.0745076
-0.0745071
-0.0745066
-0.0745061
-0.0745056
-0.0745052
-0.0745048
-0.0745044
-0.0745042
-0.0745039
-0.0745038
-0.0752379
-0.0752379
-0.0752377
-0.0752375
-0.0752373
-0.075237
-0.0752366
-0.0752362
-0.0752358
-0.0752354
-0.075235
-0.0752345
-0.0752341
-0.0752337
-0.0752333
-0.075233
-0.0752327
-0.0752324
-0.0752322
-0.0752321
-0.0759654
-0.0759653
-0.0759652
-0.075965
-0.0759648
-0.0759645
-0.0759642
-0.0759639
-0.0759636
-0.0759632
-0.0759628
-0.0759624
-0.075962
-0.0759617
-0.0759614
-0.0759611
-0.0759608
-0.0759606
-0.0759604
-0.0759603
-0.0766928
-0.0766928
-0.0766927
-0.0766925
-0.0766923
-0.0766921
-0.0766918
-0.0766916
-0.0766913
-0.0766909
-0.0766906
-0.0766903
-0.07669
-0.0766896
-0.0766894
-0.0766891
-0.0766889
-0.0766887
-0.0766885
-0.0766884
-0.0774203
-0.0774202
-0.0774202
-0.07742
-0.0774199
-0.0774197
-0.0774194
-0.0774192
-0.0774189
-0.0774187
-0.0774184
-0.0774181
-0.0774178
-0.0774175
-0.0774173
-0.0774171
-0.0774169
-0.0774167
-0.0774166
-0.0774165
-0.0781478
-0.0781477
-0.0781476
-0.0781475
-0.0781474
-0.0781472
-0.078147
-0.0781468
-0.0781466
-0.0781463
-0.0781461
-0.0781459
-0.0781456
-0.0781454
-0.0781452
-0.078145
-0.0781448
-0.0781446
-0.0781445
-0.0781445
-0.0788752
-0.0788752
-0.0788751
-0.078875
-0.0788749
-0.0788748
-0.0788746
-0.0788744
-0.0788742
-0.078874
-0.0788738
-0.0788736
-0.0788734
-0.0788732
-0.078873
-0.0788728
-0.0788726
-0.0788725
-0.0788724
-0.0788724
-0.0796026
-0.0796026
-0.0796026
-0.0796025
-0.0796024
-0.0796023
-0.0796021
-0.079602
-0.0796018
-0.0796016
-0.0796014
-0.0796012
-0.0796011
-0.0796009
-0.0796007
-0.0796006
-0.0796004
-0.0796003
-0.0796003
-0.0796002
-0.0803301
-0.0803301
-0.08033
-0.08033
-0.0803299
-0.0803298
-0.0803296
-0.0803295
-0.0803294
-0.0803292
-0.080329
-0.0803289
-0.0803287
-0.0803286
-0.0803284
-0.0803283
-0.0803282
-0.0803281
-0.080328
-0.080328
-0.0810575
-0.0810575
-0.0810575
-0.0810574
-0.0810573
-0.0810573
-0.0810571
-0.081057
-0.0810569
-0.0810568
-0.0810566
-0.0810565
-0.0810564
-0.0810562
-0.0810561
-0.081056
-0.0810559
-0.0810558
-0.0810557
-0.0810557
-0.081785
-0.081785
-0.0817849
-0.0817849
-0.0817848
-0.0817847
-0.0817846
-0.0817845
-0.0817844
-0.0817843
-0.0817842
-0.0817841
-0.0817839
-0.0817838
-0.0817837
-0.0817836
-0.0817835
-0.0817835
-0.0817834
-0.0817834
-0.0825124
-0.0825124
-0.0825123
-0.0825123
-0.0825122
-0.0825122
-0.0825121
-0.082512
-0.0825119
-0.0825118
-0.0825117
-0.0825116
-0.0825115
-0.0825114
-0.0825113
-0.0825112
-0.0825112
-0.0825111
-0.0825111
-0.082511
-0.0832398
-0.0832398
-0.0832398
-0.0832397
-0.0832397
-0.0832396
-0.0832396
-0.0832395
-0.0832394
-0.0832393
-0.0832392
-0.0832391
-0.083239
-0.083239
-0.0832389
-0.0832388
-0.0832387
-0.0832387
-0.0832387
-0.0832386
-0.0839672
-0.0839672
-0.0839672
-0.0839672
-0.0839671
-0.0839671
-0.083967
-0.0839669
-0.0839669
-0.0839668
-0.0839667
-0.0839666
-0.0839666
-0.0839665
-0.0839664
-0.0839664
-0.0839663
-0.0839663
-0.0839662
-0.0839662
-0.0846946
-0.0846946
-0.0846946
-0.0846946
-0.0846945
-0.0846945
-0.0846945
-0.0846944
-0.0846943
-0.0846943
-0.0846942
-0.0846941
-0.0846941
-0.084694
-0.0846939
-0.0846939
-0.0846938
-0.0846938
-0.0846938
-0.0846938
-0.0854221
-0.0854221
-0.085422
-0.085422
-0.085422
-0.0854219
-0.0854219
-0.0854218
-0.0854218
-0.0854217
-0.0854217
-0.0854216
-0.0854216
-0.0854215
-0.0854215
-0.0854214
-0.0854214
-0.0854213
-0.0854213
-0.0854213
-0.0861495
-0.0861495
-0.0861495
-0.0861494
-0.0861494
-0.0861494
-0.0861493
-0.0861493
-0.0861492
-0.0861492
-0.0861491
-0.0861491
-0.086149
-0.086149
-0.0861489
-0.0861489
-0.0861489
-0.0861488
-0.0861488
-0.0861488
-0.0868769
-0.0868769
-0.0868769
-0.0868769
-0.0868768
-0.0868768
-0.0868768
-0.0868767
-0.0868767
-0.0868767
-0.0868766
-0.0868766
-0.0868765
-0.0868765
-0.0868764
-0.0868764
-0.0868764
-0.0868763
-0.0868763
-0.0868763
-0.0876043
-0.0876043
-0.0876043
-0.0876043
-0.0876043
-0.0876042
-0.0876042
-0.0876042
-0.0876041
-0.0876041
-0.0876041
-0.087604
-0.087604
-0.0876039
-0.0876039
-0.0876039
-0.0876039
-0.0876038
-0.0876038
-0.0876038
-0.0883318
-0.0883318
-0.0883317
-0.0883317
-0.0883317
-0.0883317
-0.0883317
-0.0883316
-0.0883316
-0.0883316
-0.0883315
-0.0883315
-0.0883315
-0.0883314
-0.0883314
-0.0883314
-0.0883313
-0.0883313
-0.0883313
-0.0883313
-0.0890592
-0.0890592
-0.0890592
-0.0890592
-0.0890591
-0.0890591
-0.0890591
-0.0890591
-0.089059
-0.089059
-0.089059
-0.0890589
-0.0890589
-0.0890589
-0.0890589
-0.0890588
-0.0890588
-0.0890588
-0.0890588
-0.0890588
-0.0897866
-0.0897866
-0.0897866
-0.0897866
-0.0897866
-0.0897866
-0.0897865
-0.0897865
-0.0897865
-0.0897865
-0.0897864
-0.0897864
-0.0897864
-0.0897864
-0.0897863
-0.0897863
-0.0897863
-0.0897863
-0.0897863
-0.0897863
-0.0905141
-0.0905141
-0.0905141
-0.090514
-0.090514
-0.090514
-0.090514
-0.090514
-0.090514
-0.0905139
-0.0905139
-0.0905139
-0.0905139
-0.0905138
-0.0905138
-0.0905138
-0.0905138
-0.0905138
-0.0905138
-0.0905138
-0.0912415
-0.0912415
-0.0912415
-0.0912415
-0.0912415
-0.0912415
-0.0912415
-0.0912414
-0.0912414
-0.0912414
-0.0912414
-0.0912413
-0.0912413
-0.0912413
-0.0912413
-0.0912413
-0.0912413
-0.0912412
-0.0912412
-0.0912412
-0.091969
-0.091969
-0.0919689
-0.0919689
-0.0919689
-0.0919689
-0.0919689
-0.0919689
-0.0919689
-0.0919689
-0.0919688
-0.0919688
-0.0919688
-0.0919688
-0.0919688
-0.0919687
-0.0919687
-0.0919687
-0.0919687
-0.0919687
-0.0926964
-0.0926964
-0.0926964
-0.0926964
-0.0926964
-0.0926964
-0.0926964
-0.0926963
-0.0926963
-0.0926963
-0.0926963
-0.0926963
-0.0926963
-0.0926963
-0.0926962
-0.0926962
-0.0926962
-0.0926962
-0.0926962
-0.0926962
-0.0934239
-0.0934239
-0.0934239
-0.0934239
-0.0934238
-0.0934238
-0.0934238
-0.0934238
-0.0934238
-0.0934238
-0.0934238
-0.0934238
-0.0934237
-0.0934237
-0.0934237
-0.0934237
-0.0934237
-0.0934237
-0.0934237
-0.0934237
-0.0941513
-0.0941513
-0.0941513
-0.0941513
-0.0941513
-0.0941513
-0.0941513
-0.0941513
-0.0941513
-0.0941513
-0.0941512
-0.0941512
-0.0941512
-0.0941512
-0.0941512
-0.0941512
-0.0941512
-0.0941512
-0.0941512
-0.0941512
-0.0948788
-0.0948788
-0.0948788
-0.0948788
-0.0948788
-0.0948788
-0.0948788
-0.0948787
-0.0948787
-0.0948787
-0.0948787
-0.0948787
-0.0948787
-0.0948787
-0.0948787
-0.0948787
-0.0948787
-0.0948787
-0.0948787
-0.0948787
-0.0956062
-0.0956062
-0.0956062
-0.0956062
-0.0956062
-0.0956062
-0.0956062
-0.0956062
-0.0956062
-0.0956062
-0.0956062
-0.0956062
-0.0956062
-0.0956062
-0.0956062
-0.0956062
-0.0956061
-0.0956061
-0.0956061
-0.0956061
-0.0963337
-0.0963337
-0.0963337
-0.0963337
-0.0963337
-0.0963337
-0.0963337
-0.0963337
-0.0963337
-0.0963337
-0.0963337
-0.0963337
-0.0963336
-0.0963336
-0.0963336
-0.0963336
-0.0963336
-0.0963336
-0.0963336
-0.0963336
-0.0970612
-0.0970612
-0.0970612
-0.0970612
-0.0970612
-0.0970612
-0.0970612
-0.0970612
-0.0970611
-0.0970611
-0.0970611
-0.0970611
-0.0970611
-0.0970611
-0.0970611
-0.0970611
-0.0970611
-0.0970611
-0.0970611
-0.0970611
-0.0977886
-0.0977886
-0.0977886
-0.0977886
-0.0977886
-0.0977886
-0.0977886
-0.0977886
-0.0977886
-0.0977886
-0.0977886
-0.0977886
-0.0977886
-0.0977886
-0.0977886
-0.0977886
-0.0977886
-0.0977886
-0.0977886
-0.0977886
-0.0985161
-0.0985161
-0.0985161
-0.0985161
-0.0985161
-0.0985161
-0.0985161
-0.0985161
-0.0985161
-0.0985161
-0.0985161
-0.0985161
-0.0985161
-0.0985161
-0.0985161
-0.0985161
-0.0985161
-0.0985161
-0.0985161
-0.0985161
-0.0992436
-0.0992436
-0.0992436
-0.0992436
-0.0992436
-0.0992436
-0.0992436
-0.0992436
-0.0992436
-0.0992436
-0.0992436
-0.0992436
-0.0992436
-0.0992436
-0.0992435
-0.0992435
-0.0992435
-0.0992435
-0.0992435
-0.0992435
-0.0999711
-0.0999711
-0.0999711
-0.0999711
-0.0999711
-0.0999711
-0.0999711
-0.0999711
-0.099971
-0.099971
-0.099971
-0.099971
-0.099971
-0.099971
-0.099971
-0.099971
-0.099971
-0.099971
-0.099971
-0.099971
-0.100699
-0.100699
-0.100699
-0.100699
-0.100699
-0.100699
-0.100699
-0.100699
-0.100699
-0.100699
-0.100699
-0.100699
-0.100699
-0.100699
-0.100698
-0.100698
-0.100698
-0.100698
-0.100698
-0.100698
-0.101426
-0.101426
-0.101426
-0.101426
-0.101426
-0.101426
-0.101426
-0.101426
-0.101426
-0.101426
-0.101426
-0.101426
-0.101426
-0.101426
-0.101426
-0.101426
-0.101426
-0.101426
-0.101426
-0.101426
-0.102153
-0.102153
-0.102153
-0.102153
-0.102153
-0.102153
-0.102153
-0.102153
-0.102153
-0.102153
-0.102153
-0.102153
-0.102153
-0.102153
-0.102153
-0.102153
-0.102153
-0.102153
-0.102153
-0.102153
-0.102881
-0.102881
-0.102881
-0.102881
-0.102881
-0.102881
-0.102881
-0.102881
-0.102881
-0.102881
-0.102881
-0.102881
-0.102881
-0.102881
-0.102881
-0.102881
-0.102881
-0.102881
-0.102881
-0.102881
-0.103608
-0.103608
-0.103608
-0.103608
-0.103608
-0.103608
-0.103608
-0.103608
-0.103608
-0.103608
-0.103608
-0.103608
-0.103608
-0.103608
-0.103608
-0.103608
-0.103608
-0.103608
-0.103608
-0.103608
-0.104336
-0.104336
-0.104336
-0.104336
-0.104336
-0.104336
-0.104336
-0.104336
-0.104336
-0.104336
-0.104336
-0.104336
-0.104336
-0.104336
-0.104336
-0.104336
-0.104336
-0.104336
-0.104336
-0.104336
-0.105063
-0.105063
-0.105063
-0.105063
-0.105063
-0.105063
-0.105063
-0.105063
-0.105063
-0.105063
-0.105063
-0.105063
-0.105063
-0.105063
-0.105063
-0.105063
-0.105063
-0.105063
-0.105063
-0.105063
-0.105791
-0.105791
-0.105791
-0.105791
-0.105791
-0.105791
-0.105791
-0.105791
-0.105791
-0.105791
-0.105791
-0.105791
-0.105791
-0.105791
-0.105791
-0.105791
-0.105791
-0.105791
-0.105791
-0.105791
-0.106518
-0.106518
-0.106518
-0.106518
-0.106518
-0.106518
-0.106518
-0.106518
-0.106518
-0.106518
-0.106518
-0.106518
-0.106518
-0.106518
-0.106518
-0.106518
-0.106518
-0.106518
-0.106518
-0.106518
-0.107246
-0.107246
-0.107246
-0.107246
-0.107246
-0.107246
-0.107246
-0.107246
-0.107246
-0.107246
-0.107246
-0.107246
-0.107246
-0.107246
-0.107246
-0.107246
-0.107246
-0.107246
-0.107246
-0.107246
-0.107973
-0.107973
-0.107973
-0.107973
-0.107973
-0.107973
-0.107973
-0.107973
-0.107973
-0.107973
-0.107973
-0.107973
-0.107973
-0.107973
-0.107973
-0.107973
-0.107973
-0.107973
-0.107973
-0.107973
-0.108701
-0.108701
-0.108701
-0.108701
-0.108701
-0.108701
-0.108701
-0.108701
-0.108701
-0.108701
-0.108701
-0.108701
-0.108701
-0.108701
-0.108701
-0.108701
-0.108701
-0.108701
-0.108701
-0.108701
-0.109428
-0.109428
-0.109428
-0.109428
-0.109428
-0.109428
-0.109428
-0.109428
-0.109428
-0.109428
-0.109428
-0.109428
-0.109428
-0.109428
-0.109428
-0.109428
-0.109428
-0.109428
-0.109428
-0.109428
-0.110156
-0.110156
-0.110156
-0.110156
-0.110156
-0.110156
-0.110156
-0.110156
-0.110156
-0.110156
-0.110156
-0.110156
-0.110156
-0.110156
-0.110156
-0.110156
-0.110156
-0.110156
-0.110156
-0.110156
-0.110883
-0.110883
-0.110883
-0.110883
-0.110883
-0.110883
-0.110883
-0.110883
-0.110883
-0.110883
-0.110883
-0.110883
-0.110883
-0.110883
-0.110883
-0.110883
-0.110883
-0.110883
-0.110883
-0.110883
-0.111611
-0.111611
-0.111611
-0.111611
-0.111611
-0.111611
-0.111611
-0.111611
-0.111611
-0.111611
-0.111611
-0.111611
-0.111611
-0.111611
-0.111611
-0.111611
-0.111611
-0.111611
-0.111611
-0.111611
-0.112338
-0.112338
-0.112338
-0.112338
-0.112338
-0.112338
-0.112338
-0.112338
-0.112338
-0.112338
-0.112338
-0.112338
-0.112338
-0.112338
-0.112338
-0.112338
-0.112338
-0.112338
-0.112338
-0.112338
-0.113066
-0.113066
-0.113066
-0.113066
-0.113066
-0.113066
-0.113066
-0.113066
-0.113066
-0.113066
-0.113066
-0.113066
-0.113066
-0.113066
-0.113066
-0.113066
-0.113066
-0.113066
-0.113066
-0.113066
-0.113793
-0.113793
-0.113793
-0.113793
-0.113793
-0.113793
-0.113793
-0.113793
-0.113793
-0.113793
-0.113793
-0.113793
-0.113793
-0.113793
-0.113793
-0.113793
-0.113793
-0.113793
-0.113793
-0.113793
-0.114521
-0.114521
-0.114521
-0.114521
-0.114521
-0.114521
-0.114521
-0.114521
-0.114521
-0.114521
-0.114521
-0.114521
-0.114521
-0.114521
-0.114521
-0.114521
-0.114521
-0.114521
-0.114521
-0.114521
-0.115248
-0.115248
-0.115248
-0.115248
-0.115248
-0.115248
-0.115248
-0.115248
-0.115248
-0.115248
-0.115248
-0.115248
-0.115248
-0.115248
-0.115248
-0.115248
-0.115248
-0.115248
-0.115248
-0.115248
-0.115976
-0.115976
-0.115976
-0.115976
-0.115976
-0.115976
-0.115976
-0.115976
-0.115976
-0.115976
-0.115976
-0.115976
-0.115976
-0.115976
-0.115976
-0.115976
-0.115976
-0.115976
-0.115976
-0.115976
-0.116703
-0.116703
-0.116703
-0.116703
-0.116703
-0.116703
-0.116703
-0.116703
-0.116703
-0.116703
-0.116703
-0.116703
-0.116703
-0.116703
-0.116703
-0.116703
-0.116703
-0.116703
-0.116703
-0.116703
-0.117431
-0.117431
-0.117431
-0.117431
-0.117431
-0.117431
-0.117431
-0.117431
-0.117431
-0.117431
-0.117431
-0.117431
-0.117431
-0.117431
-0.117431
-0.117431
-0.117431
-0.117431
-0.117431
-0.117431
-0.118158
-0.118158
-0.118158
-0.118158
-0.118158
-0.118158
-0.118158
-0.118158
-0.118158
-0.118158
-0.118158
-0.118158
-0.118158
-0.118158
-0.118158
-0.118158
-0.118158
-0.118158
-0.118158
-0.118158
-0.118886
-0.118886
-0.118886
-0.118886
-0.118886
-0.118886
-0.118886
-0.118886
-0.118886
-0.118886
-0.118886
-0.118886
-0.118886
-0.118886
-0.118886
-0.118886
-0.118886
-0.118886
-0.118886
-0.118886
-0.119613
-0.119613
-0.119613
-0.119613
-0.119613
-0.119613
-0.119613
-0.119613
-0.119613
-0.119613
-0.119613
-0.119613
-0.119613
-0.119613
-0.119613
-0.119613
-0.119613
-0.119613
-0.119613
-0.119613
-0.120341
-0.120341
-0.120341
-0.120341
-0.120341
-0.120341
-0.120341
-0.120341
-0.120341
-0.120341
-0.120341
-0.120341
-0.120341
-0.120341
-0.120341
-0.120341
-0.120341
-0.120341
-0.120341
-0.120341
-0.121068
-0.121068
-0.121068
-0.121068
-0.121068
-0.121068
-0.121068
-0.121068
-0.121068
-0.121068
-0.121068
-0.121068
-0.121068
-0.121068
-0.121068
-0.121068
-0.121068
-0.121068
-0.121068
-0.121068
-0.121795
-0.121795
-0.121795
-0.121795
-0.121795
-0.121795
-0.121795
-0.121795
-0.121795
-0.121795
-0.121795
-0.121795
-0.121795
-0.121795
-0.121795
-0.121795
-0.121795
-0.121795
-0.121795
-0.121795
-0.122523
-0.122523
-0.122523
-0.122523
-0.122523
-0.122523
-0.122523
-0.122523
-0.122523
-0.122523
-0.122523
-0.122523
-0.122523
-0.122523
-0.122523
-0.122523
-0.122523
-0.122523
-0.122523
-0.122523
-0.12325
-0.12325
-0.12325
-0.12325
-0.12325
-0.12325
-0.12325
-0.12325
-0.12325
-0.12325
-0.12325
-0.12325
-0.12325
-0.12325
-0.12325
-0.12325
-0.12325
-0.12325
-0.12325
-0.12325
-0.123978
-0.123978
-0.123978
-0.123978
-0.123978
-0.123978
-0.123978
-0.123978
-0.123978
-0.123978
-0.123978
-0.123978
-0.123978
-0.123978
-0.123978
-0.123978
-0.123978
-0.123978
-0.123978
-0.123978
-0.124705
-0.124705
-0.124705
-0.124705
-0.124705
-0.124705
-0.124705
-0.124705
-0.124705
-0.124705
-0.124705
-0.124705
-0.124705
-0.124705
-0.124705
-0.124705
-0.124705
-0.124705
-0.124705
-0.124705
-0.125433
-0.125433
-0.125433
-0.125433
-0.125433
-0.125433
-0.125433
-0.125433
-0.125433
-0.125433
-0.125433
-0.125433
-0.125433
-0.125433
-0.125433
-0.125433
-0.125433
-0.125433
-0.125433
-0.125433
-0.12616
-0.12616
-0.12616
-0.12616
-0.12616
-0.12616
-0.12616
-0.12616
-0.12616
-0.12616
-0.12616
-0.12616
-0.12616
-0.12616
-0.12616
-0.12616
-0.12616
-0.12616
-0.12616
-0.12616
-0.126888
-0.126888
-0.126888
-0.126888
-0.126888
-0.126888
-0.126888
-0.126888
-0.126888
-0.126888
-0.126888
-0.126888
-0.126888
-0.126888
-0.126888
-0.126888
-0.126888
-0.126888
-0.126888
-0.126888
-0.127615
-0.127615
-0.127615
-0.127615
-0.127615
-0.127615
-0.127615
-0.127615
-0.127615
-0.127615
-0.127615
-0.127615
-0.127615
-0.127615
-0.127615
-0.127615
-0.127615
-0.127615
-0.127615
-0.127615
-0.128343
-0.128343
-0.128343
-0.128343
-0.128343
-0.128343
-0.128343
-0.128343
-0.128343
-0.128343
-0.128343
-0.128343
-0.128343
-0.128343
-0.128343
-0.128343
-0.128343
-0.128343
-0.128343
-0.128343
-0.12907
-0.12907
-0.12907
-0.12907
-0.12907
-0.12907
-0.12907
-0.12907
-0.12907
-0.12907
-0.12907
-0.12907
-0.12907
-0.12907
-0.12907
-0.12907
-0.12907
-0.12907
-0.12907
-0.12907
-0.129798
-0.129798
-0.129798
-0.129798
-0.129798
-0.129798
-0.129798
-0.129798
-0.129798
-0.129798
-0.129798
-0.129798
-0.129798
-0.129798
-0.129798
-0.129798
-0.129798
-0.129798
-0.129798
-0.129798
-0.130525
-0.130525
-0.130525
-0.130525
-0.130525
-0.130525
-0.130525
-0.130525
-0.130525
-0.130525
-0.130525
-0.130525
-0.130525
-0.130525
-0.130525
-0.130525
-0.130525
-0.130525
-0.130525
-0.130525
-0.131253
-0.131253
-0.131253
-0.131253
-0.131253
-0.131253
-0.131253
-0.131253
-0.131253
-0.131253
-0.131253
-0.131253
-0.131253
-0.131253
-0.131253
-0.131253
-0.131253
-0.131253
-0.131253
-0.131253
-0.13198
-0.13198
-0.13198
-0.13198
-0.13198
-0.13198
-0.13198
-0.13198
-0.13198
-0.13198
-0.13198
-0.13198
-0.13198
-0.13198
-0.13198
-0.13198
-0.13198
-0.13198
-0.13198
-0.13198
-0.132708
-0.132708
-0.132708
-0.132708
-0.132708
-0.132708
-0.132708
-0.132708
-0.132708
-0.132708
-0.132708
-0.132708
-0.132708
-0.132708
-0.132708
-0.132708
-0.132708
-0.132708
-0.132708
-0.132708
-0.133435
-0.133435
-0.133435
-0.133435
-0.133435
-0.133435
-0.133435
-0.133435
-0.133435
-0.133435
-0.133435
-0.133435
-0.133435
-0.133435
-0.133435
-0.133435
-0.133435
-0.133435
-0.133435
-0.133435
-0.134163
-0.134163
-0.134163
-0.134163
-0.134163
-0.134163
-0.134163
-0.134163
-0.134163
-0.134163
-0.134163
-0.134163
-0.134163
-0.134163
-0.134163
-0.134163
-0.134163
-0.134163
-0.134163
-0.134163
-0.13489
-0.13489
-0.13489
-0.13489
-0.13489
-0.13489
-0.13489
-0.13489
-0.13489
-0.13489
-0.13489
-0.13489
-0.13489
-0.13489
-0.13489
-0.13489
-0.13489
-0.13489
-0.13489
-0.13489
-0.135618
-0.135618
-0.135618
-0.135618
-0.135618
-0.135618
-0.135618
-0.135618
-0.135618
-0.135618
-0.135618
-0.135618
-0.135618
-0.135618
-0.135618
-0.135618
-0.135618
-0.135618
-0.135618
-0.135618
-0.136345
-0.136345
-0.136345
-0.136345
-0.136345
-0.136345
-0.136345
-0.136345
-0.136345
-0.136345
-0.136345
-0.136345
-0.136345
-0.136345
-0.136345
-0.136345
-0.136345
-0.136345
-0.136345
-0.136345
-0.137072
-0.137072
-0.137072
-0.137072
-0.137072
-0.137072
-0.137072
-0.137072
-0.137072
-0.137072
-0.137072
-0.137072
-0.137073
-0.137073
-0.137073
-0.137073
-0.137073
-0.137073
-0.137073
-0.137073
-0.1378
-0.1378
-0.1378
-0.1378
-0.1378
-0.1378
-0.1378
-0.1378
-0.1378
-0.1378
-0.1378
-0.1378
-0.1378
-0.1378
-0.1378
-0.1378
-0.1378
-0.1378
-0.1378
-0.1378
-0.138527
-0.138527
-0.138527
-0.138527
-0.138527
-0.138527
-0.138527
-0.138527
-0.138527
-0.138527
-0.138527
-0.138527
-0.138527
-0.138527
-0.138527
-0.138527
-0.138527
-0.138527
-0.138527
-0.138527
-0.139255
-0.139255
-0.139255
-0.139255
-0.139255
-0.139255
-0.139255
-0.139255
-0.139255
-0.139255
-0.139255
-0.139255
-0.139255
-0.139255
-0.139255
-0.139255
-0.139255
-0.139255
-0.139255
-0.139255
-0.139982
-0.139982
-0.139982
-0.139982
-0.139982
-0.139982
-0.139982
-0.139982
-0.139982
-0.139982
-0.139982
-0.139982
-0.139982
-0.139982
-0.139982
-0.139982
-0.139982
-0.139982
-0.139982
-0.139982
-0.14071
-0.14071
-0.14071
-0.14071
-0.14071
-0.14071
-0.14071
-0.14071
-0.14071
-0.14071
-0.14071
-0.14071
-0.14071
-0.14071
-0.14071
-0.14071
-0.14071
-0.14071
-0.14071
-0.14071
-0.141437
-0.141437
-0.141437
-0.141437
-0.141437
-0.141437
-0.141437
-0.141437
-0.141437
-0.141437
-0.141437
-0.141437
-0.141437
-0.141437
-0.141437
-0.141437
-0.141437
-0.141437
-0.141437
-0.141437
-0.142165
-0.142165
-0.142165
-0.142165
-0.142165
-0.142165
-0.142165
-0.142165
-0.142165
-0.142165
-0.142165
-0.142165
-0.142165
-0.142165
-0.142165
-0.142165
-0.142165
-0.142165
-0.142165
-0.142165
-0.142892
-0.142892
-0.142892
-0.142892
-0.142892
-0.142892
-0.142892
-0.142892
-0.142892
-0.142892
-0.142892
-0.142892
-0.142892
-0.142892
-0.142892
-0.142892
-0.142892
-0.142892
-0.142892
-0.142892
-0.14362
-0.14362
-0.14362
-0.14362
-0.14362
-0.14362
-0.14362
-0.14362
-0.14362
-0.14362
-0.14362
-0.14362
-0.14362
-0.14362
-0.14362
-0.14362
-0.14362
-0.14362
-0.14362
-0.14362
-0.144347
-0.144347
-0.144347
-0.144347
-0.144347
-0.144347
-0.144347
-0.144347
-0.144347
-0.144347
-0.144347
-0.144347
-0.144347
-0.144347
-0.144347
-0.144347
-0.144347
-0.144347
-0.144347
-0.144347
-0.145075
-0.145075
-0.145075
-0.145075
-0.145075
-0.145075
-0.145075
-0.145075
-0.145075
-0.145075
-0.145075
-0.145075
-0.145075
-0.145075
-0.145075
-0.145075
-0.145075
-0.145075
-0.145075
-0.145075
-0.145802
-0.145802
-0.145802
-0.145802
-0.145802
-0.145802
-0.145802
-0.145802
-0.145802
-0.145802
-0.145802
-0.145802
-0.145802
-0.145802
-0.145802
-0.145802
-0.145802
-0.145802
-0.145802
-0.145802
-0.14653
-0.14653
-0.14653
-0.14653
-0.14653
-0.14653
-0.14653
-0.14653
-0.14653
-0.14653
-0.14653
-0.14653
-0.14653
-0.14653
-0.14653
-0.14653
-0.14653
-0.14653
-0.14653
-0.14653
-0.147257
-0.147257
-0.147257
-0.147257
-0.147257
-0.147257
-0.147257
-0.147257
-0.147257
-0.147257
-0.147257
-0.147257
-0.147257
-0.147257
-0.147257
-0.147257
-0.147257
-0.147257
-0.147257
-0.147257
-0.147985
-0.147985
-0.147985
-0.147985
-0.147985
-0.147985
-0.147985
-0.147985
-0.147985
-0.147985
-0.147985
-0.147985
-0.147985
-0.147985
-0.147985
-0.147985
-0.147985
-0.147985
-0.147985
-0.147985
-0.148712
-0.148712
-0.148712
-0.148712
-0.148712
-0.148712
-0.148712
-0.148712
-0.148712
-0.148712
-0.148712
-0.148712
-0.148712
-0.148712
-0.148712
-0.148712
-0.148712
-0.148712
-0.148712
-0.148712
-0.14944
-0.14944
-0.14944
-0.14944
-0.14944
-0.14944
-0.14944
-0.14944
-0.14944
-0.14944
-0.14944
-0.14944
-0.14944
-0.14944
-0.14944
-0.14944
-0.14944
-0.14944
-0.14944
-0.14944
-0.150167
-0.150167
-0.150167
-0.150167
-0.150167
-0.150167
-0.150167
-0.150167
-0.150167
-0.150167
-0.150167
-0.150167
-0.150167
-0.150167
-0.150167
-0.150167
-0.150167
-0.150167
-0.150167
-0.150167
-0.150894
-0.150894
-0.150894
-0.150894
-0.150894
-0.150894
-0.150894
-0.150895
-0.150895
-0.150895
-0.150895
-0.150895
-0.150895
-0.150895
-0.150895
-0.150895
-0.150895
-0.150895
-0.150895
-0.150895
-0.151622
-0.151622
-0.151622
-0.151622
-0.151622
-0.151622
-0.151622
-0.151622
-0.151622
-0.151622
-0.151622
-0.151622
-0.151622
-0.151622
-0.151622
-0.151622
-0.151622
-0.151622
-0.151622
-0.151622
-0.152349
-0.152349
-0.152349
-0.152349
-0.152349
-0.152349
-0.152349
-0.152349
-0.152349
-0.152349
-0.152349
-0.152349
-0.15235
-0.15235
-0.15235
-0.15235
-0.15235
-0.15235
-0.15235
-0.15235
-0.153077
-0.153077
-0.153077
-0.153077
-0.153077
-0.153077
-0.153077
-0.153077
-0.153077
-0.153077
-0.153077
-0.153077
-0.153077
-0.153077
-0.153077
-0.153077
-0.153077
-0.153077
-0.153077
-0.153077
-0.153804
-0.153804
-0.153804
-0.153804
-0.153804
-0.153804
-0.153804
-0.153804
-0.153804
-0.153804
-0.153804
-0.153804
-0.153804
-0.153804
-0.153804
-0.153804
-0.153804
-0.153804
-0.153804
-0.153804
-0.154532
-0.154532
-0.154532
-0.154532
-0.154532
-0.154532
-0.154532
-0.154532
-0.154532
-0.154532
-0.154532
-0.154532
-0.154532
-0.154532
-0.154532
-0.154532
-0.154532
-0.154532
-0.154532
-0.154532
-0.155259
-0.155259
-0.155259
-0.155259
-0.155259
-0.155259
-0.155259
-0.155259
-0.155259
-0.155259
-0.155259
-0.155259
-0.155259
-0.155259
-0.155259
-0.155259
-0.155259
-0.155259
-0.155259
-0.155259
-0.155987
-0.155987
-0.155987
-0.155987
-0.155987
-0.155987
-0.155987
-0.155987
-0.155987
-0.155987
-0.155987
-0.155987
-0.155987
-0.155987
-0.155987
-0.155987
-0.155987
-0.155987
-0.155987
-0.155987
-0.156714
-0.156714
-0.156714
-0.156714
-0.156714
-0.156714
-0.156714
-0.156714
-0.156714
-0.156714
-0.156714
-0.156714
-0.156714
-0.156714
-0.156714
-0.156714
-0.156714
-0.156714
-0.156714
-0.156714
-0.157442
-0.157442
-0.157442
-0.157442
-0.157442
-0.157442
-0.157442
-0.157442
-0.157442
-0.157442
-0.157442
-0.157442
-0.157442
-0.157442
-0.157442
-0.157442
-0.157442
-0.157442
-0.157442
-0.157442
-0.158169
-0.158169
-0.158169
-0.158169
-0.158169
-0.158169
-0.158169
-0.158169
-0.158169
-0.158169
-0.158169
-0.158169
-0.158169
-0.158169
-0.158169
-0.158169
-0.158169
-0.158169
-0.158169
-0.158169
-0.158897
-0.158897
-0.158897
-0.158897
-0.158897
-0.158897
-0.158897
-0.158897
-0.158897
-0.158897
-0.158897
-0.158897
-0.158897
-0.158897
-0.158897
-0.158897
-0.158897
-0.158897
-0.158897
-0.158897
-0.159624
-0.159624
-0.159624
-0.159624
-0.159624
-0.159624
-0.159624
-0.159624
-0.159624
-0.159624
-0.159624
-0.159624
-0.159624
-0.159624
-0.159624
-0.159624
-0.159624
-0.159624
-0.159624
-0.159624
-0.160352
-0.160352
-0.160352
-0.160352
-0.160352
-0.160352
-0.160352
-0.160352
-0.160352
-0.160352
-0.160352
-0.160352
-0.160352
-0.160352
-0.160352
-0.160352
-0.160352
-0.160352
-0.160352
-0.160352
-0.161079
-0.161079
-0.161079
-0.161079
-0.161079
-0.161079
-0.161079
-0.161079
-0.161079
-0.161079
-0.161079
-0.161079
-0.161079
-0.161079
-0.161079
-0.161079
-0.161079
-0.161079
-0.161079
-0.161079
-0.161807
-0.161807
-0.161807
-0.161807
-0.161807
-0.161807
-0.161807
-0.161807
-0.161807
-0.161807
-0.161807
-0.161807
-0.161807
-0.161807
-0.161807
-0.161807
-0.161807
-0.161807
-0.161807
-0.161807
-0.162534
-0.162534
-0.162534
-0.162534
-0.162534
-0.162534
-0.162534
-0.162534
-0.162534
-0.162534
-0.162534
-0.162534
-0.162534
-0.162534
-0.162534
-0.162534
-0.162534
-0.162534
-0.162534
-0.162534
-0.163262
-0.163262
-0.163262
-0.163262
-0.163262
-0.163262
-0.163262
-0.163262
-0.163262
-0.163262
-0.163262
-0.163262
-0.163262
-0.163262
-0.163262
-0.163262
-0.163262
-0.163262
-0.163262
-0.163262
-0.163989
-0.163989
-0.163989
-0.163989
-0.163989
-0.163989
-0.163989
-0.163989
-0.163989
-0.163989
-0.163989
-0.163989
-0.163989
-0.163989
-0.163989
-0.163989
-0.163989
-0.163989
-0.163989
-0.163989
-0.164717
-0.164717
-0.164717
-0.164717
-0.164717
-0.164717
-0.164717
-0.164717
-0.164717
-0.164717
-0.164717
-0.164717
-0.164717
-0.164717
-0.164717
-0.164717
-0.164717
-0.164717
-0.164717
-0.164717
-0.165444
-0.165444
-0.165444
-0.165444
-0.165444
-0.165444
-0.165444
-0.165444
-0.165444
-0.165444
-0.165444
-0.165444
-0.165444
-0.165444
-0.165444
-0.165444
-0.165444
-0.165444
-0.165444
-0.165444
-0.166172
-0.166172
-0.166172
-0.166172
-0.166172
-0.166172
-0.166172
-0.166172
-0.166172
-0.166172
-0.166172
-0.166172
-0.166172
-0.166172
-0.166172
-0.166172
-0.166172
-0.166172
-0.166172
-0.166172
-0.166899
-0.166899
-0.166899
-0.166899
-0.166899
-0.166899
-0.166899
-0.166899
-0.166899
-0.166899
-0.166899
-0.166899
-0.166899
-0.166899
-0.166899
-0.166899
-0.166899
-0.166899
-0.166899
-0.166899
-0.167627
-0.167627
-0.167627
-0.167627
-0.167627
-0.167627
-0.167627
-0.167627
-0.167627
-0.167627
-0.167627
-0.167627
-0.167627
-0.167627
-0.167627
-0.167627
-0.167627
-0.167627
-0.167627
-0.167627
-0.168354
-0.168354
-0.168354
-0.168354
-0.168354
-0.168354
-0.168354
-0.168354
-0.168354
-0.168354
-0.168354
-0.168354
-0.168354
-0.168354
-0.168354
-0.168354
-0.168354
-0.168354
-0.168354
-0.168354
-0.169082
-0.169082
-0.169082
-0.169082
-0.169082
-0.169082
-0.169082
-0.169082
-0.169082
-0.169082
-0.169082
-0.169082
-0.169082
-0.169082
-0.169082
-0.169082
-0.169082
-0.169082
-0.169082
-0.169082
-0.169809
-0.169809
-0.169809
-0.169809
-0.169809
-0.169809
-0.169809
-0.169809
-0.169809
-0.169809
-0.169809
-0.169809
-0.169809
-0.169809
-0.169809
-0.169809
-0.169809
-0.169809
-0.169809
-0.169809
-0.170537
-0.170537
-0.170537
-0.170537
-0.170537
-0.170537
-0.170537
-0.170537
-0.170537
-0.170537
-0.170537
-0.170537
-0.170537
-0.170537
-0.170537
-0.170537
-0.170537
-0.170537
-0.170537
-0.170537
-0.171264
-0.171264
-0.171264
-0.171264
-0.171264
-0.171264
-0.171264
-0.171264
-0.171264
-0.171264
-0.171264
-0.171264
-0.171264
-0.171264
-0.171264
-0.171264
-0.171264
-0.171264
-0.171264
-0.171264
-0.171992
-0.171992
-0.171992
-0.171992
-0.171992
-0.171992
-0.171992
-0.171992
-0.171992
-0.171992
-0.171992
-0.171992
-0.171992
-0.171992
-0.171992
-0.171992
-0.171992
-0.171992
-0.171992
-0.171992
-0.172719
-0.172719
-0.172719
-0.172719
-0.172719
-0.172719
-0.172719
-0.172719
-0.172719
-0.172719
-0.172719
-0.172719
-0.172719
-0.172719
-0.172719
-0.172719
-0.172719
-0.172719
-0.172719
-0.172719
-0.173446
-0.173446
-0.173446
-0.173446
-0.173446
-0.173446
-0.173446
-0.173446
-0.173446
-0.173446
-0.173446
-0.173446
-0.173446
-0.173446
-0.173446
-0.173446
-0.173446
-0.173446
-0.173446
-0.173446
-0.174174
-0.174174
-0.174174
-0.174174
-0.174174
-0.174174
-0.174174
-0.174174
-0.174174
-0.174174
-0.174174
-0.174174
-0.174174
-0.174174
-0.174174
-0.174174
-0.174174
-0.174174
-0.174174
-0.174174
-0.174901
-0.174901
-0.174901
-0.174901
-0.174901
-0.174901
-0.174901
-0.174901
-0.174901
-0.174901
-0.174901
-0.174901
-0.174901
-0.174901
-0.174901
-0.174901
-0.174901
-0.174901
-0.174901
-0.174901
-0.175629
-0.175629
-0.175629
-0.175629
-0.175629
-0.175629
-0.175629
-0.175629
-0.175629
-0.175629
-0.175629
-0.175629
-0.175629
-0.175629
-0.175629
-0.175629
-0.175629
-0.175629
-0.175629
-0.175629
-0.176356
-0.176356
-0.176356
-0.176356
-0.176356
-0.176356
-0.176356
-0.176356
-0.176356
-0.176356
-0.176356
-0.176356
-0.176356
-0.176356
-0.176356
-0.176356
-0.176356
-0.176356
-0.176356
-0.176356
-0.177084
-0.177084
-0.177084
-0.177084
-0.177084
-0.177084
-0.177084
-0.177084
-0.177084
-0.177084
-0.177084
-0.177084
-0.177084
-0.177084
-0.177084
-0.177084
-0.177084
-0.177084
-0.177084
-0.177084
-0.177811
-0.177811
-0.177811
-0.177811
-0.177811
-0.177811
-0.177811
-0.177811
-0.177811
-0.177811
-0.177811
-0.177811
-0.177811
-0.177811
-0.177811
-0.177811
-0.177811
-0.177811
-0.177811
-0.177811
-0.178539
-0.178539
-0.178539
-0.178539
-0.178539
-0.178539
-0.178539
-0.178539
-0.178539
-0.178539
-0.178539
-0.178539
-0.178539
-0.178539
-0.178539
-0.178539
-0.178539
-0.178539
-0.178539
-0.178539
-0.179266
-0.179266
-0.179266
-0.179266
-0.179266
-0.179266
-0.179266
-0.179266
-0.179266
-0.179266
-0.179266
-0.179266
-0.179266
-0.179266
-0.179266
-0.179266
-0.179266
-0.179266
-0.179266
-0.179266
-0.179994
-0.179994
-0.179994
-0.179994
-0.179994
-0.179994
-0.179994
-0.179994
-0.179994
-0.179994
-0.179994
-0.179994
-0.179994
-0.179994
-0.179994
-0.179994
-0.179994
-0.179994
-0.179994
-0.179994
-0.180721
-0.180721
-0.180721
-0.180721
-0.180721
-0.180721
-0.180721
-0.180721
-0.180721
-0.180721
-0.180721
-0.180721
-0.180721
-0.180721
-0.180721
-0.180721
-0.180721
-0.180721
-0.180721
-0.180721
-0.181449
-0.181449
-0.181449
-0.181449
-0.181449
-0.181449
-0.181449
-0.181449
-0.181449
-0.181449
-0.181449
-0.181449
-0.181449
-0.181449
-0.181449
-0.181449
-0.181449
-0.181449
-0.181449
-0.181449
-0.182176
-0.182176
-0.182176
-0.182176
-0.182176
-0.182176
-0.182176
-0.182176
-0.182176
-0.182176
-0.182176
-0.182176
-0.182176
-0.182176
-0.182176
-0.182176
-0.182176
-0.182176
-0.182176
-0.182176
-0.182904
-0.182904
-0.182904
-0.182904
-0.182904
-0.182904
-0.182904
-0.182904
-0.182904
-0.182904
-0.182904
-0.182904
-0.182904
-0.182904
-0.182904
-0.182904
-0.182904
-0.182904
-0.182904
-0.182904
-0.183631
-0.183631
-0.183631
-0.183631
-0.183631
-0.183631
-0.183631
-0.183631
-0.183631
-0.183631
-0.183631
-0.183631
-0.183631
-0.183631
-0.183631
-0.183631
-0.183631
-0.183631
-0.183631
-0.183631
-0.184359
-0.184359
-0.184359
-0.184359
-0.184359
-0.184359
-0.184359
-0.184359
-0.184359
-0.184359
-0.184359
-0.184359
-0.184359
-0.184359
-0.184359
-0.184359
-0.184359
-0.184359
-0.184359
-0.184359
-0.185086
-0.185086
-0.185086
-0.185086
-0.185086
-0.185086
-0.185086
-0.185086
-0.185086
-0.185086
-0.185086
-0.185086
-0.185086
-0.185086
-0.185086
-0.185086
-0.185086
-0.185086
-0.185086
-0.185086
-0.185814
-0.185814
-0.185814
-0.185814
-0.185814
-0.185814
-0.185814
-0.185814
-0.185814
-0.185814
-0.185814
-0.185814
-0.185814
-0.185814
-0.185814
-0.185814
-0.185814
-0.185814
-0.185814
-0.185814
-0.186541
-0.186541
-0.186541
-0.186541
-0.186541
-0.186541
-0.186541
-0.186541
-0.186541
-0.186541
-0.186541
-0.186541
-0.186541
-0.186541
-0.186541
-0.186541
-0.186541
-0.186541
-0.186541
-0.186541
-0.187269
-0.187269
-0.187269
-0.187269
-0.187269
-0.187269
-0.187269
-0.187269
-0.187269
-0.187269
-0.187269
-0.187269
-0.187269
-0.187269
-0.187269
-0.187269
-0.187269
-0.187269
-0.187269
-0.187269
-0.187996
-0.187996
-0.187996
-0.187996
-0.187996
-0.187996
-0.187996
-0.187996
-0.187996
-0.187996
-0.187996
-0.187996
-0.187996
-0.187996
-0.187996
-0.187996
-0.187996
-0.187996
-0.187996
-0.187996
-0.188724
-0.188724
-0.188724
-0.188724
-0.188724
-0.188724
-0.188724
-0.188724
-0.188724
-0.188724
-0.188724
-0.188724
-0.188724
-0.188724
-0.188724
-0.188724
-0.188724
-0.188724
-0.188724
-0.188724
-0.189451
-0.189451
-0.189451
-0.189451
-0.189451
-0.189451
-0.189451
-0.189451
-0.189451
-0.189451
-0.189451
-0.189451
-0.189451
-0.189451
-0.189451
-0.189451
-0.189451
-0.189451
-0.189451
-0.189451
-0.190179
-0.190179
-0.190179
-0.190179
-0.190179
-0.190179
-0.190179
-0.190179
-0.190179
-0.190179
-0.190179
-0.190179
-0.190179
-0.190179
-0.190179
-0.190179
-0.190179
-0.190179
-0.190179
-0.190179
-0.190906
-0.190906
-0.190906
-0.190906
-0.190906
-0.190906
-0.190906
-0.190906
-0.190906
-0.190906
-0.190906
-0.190906
-0.190906
-0.190906
-0.190906
-0.190906
-0.190906
-0.190906
-0.190906
-0.190906
-0.191634
-0.191634
-0.191634
-0.191634
-0.191634
-0.191634
-0.191634
-0.191634
-0.191634
-0.191634
-0.191634
-0.191634
-0.191634
-0.191634
-0.191634
-0.191634
-0.191634
-0.191634
-0.191634
-0.191634
-0.192361
-0.192361
-0.192361
-0.192361
-0.192361
-0.192361
-0.192361
-0.192361
-0.192361
-0.192361
-0.192361
-0.192361
-0.192361
-0.192361
-0.192361
-0.192361
-0.192361
-0.192361
-0.192361
-0.192361
-0.193089
-0.193089
-0.193089
-0.193089
-0.193089
-0.193089
-0.193089
-0.193089
-0.193089
-0.193089
-0.193089
-0.193089
-0.193089
-0.193089
-0.193089
-0.193089
-0.193089
-0.193089
-0.193089
-0.193089
-0.193816
-0.193816
-0.193816
-0.193816
-0.193816
-0.193816
-0.193816
-0.193816
-0.193816
-0.193816
-0.193816
-0.193816
-0.193816
-0.193816
-0.193816
-0.193816
-0.193816
-0.193816
-0.193816
-0.193816
-0.194544
-0.194544
-0.194544
-0.194544
-0.194544
-0.194544
-0.194544
-0.194544
-0.194544
-0.194544
-0.194544
-0.194544
-0.194544
-0.194544
-0.194544
-0.194544
-0.194544
-0.194544
-0.194544
-0.194544
-0.195271
-0.195271
-0.195271
-0.195271
-0.195271
-0.195271
-0.195271
-0.195271
-0.195271
-0.195271
-0.195271
-0.195271
-0.195271
-0.195271
-0.195271
-0.195271
-0.195271
-0.195271
-0.195271
-0.195271
-0.195999
-0.195999
-0.195999
-0.195999
-0.195999
-0.195999
-0.195999
-0.195999
-0.195999
-0.195999
-0.195999
-0.195999
-0.195999
-0.195999
-0.195999
-0.195999
-0.195999
-0.195999
-0.195999
-0.195999
-0.196726
-0.196726
-0.196726
-0.196726
-0.196726
-0.196726
-0.196726
-0.196726
-0.196726
-0.196726
-0.196726
-0.196726
-0.196726
-0.196726
-0.196726
-0.196726
-0.196726
-0.196726
-0.196726
-0.196726
-0.197454
-0.197454
-0.197454
-0.197454
-0.197454
-0.197454
-0.197454
-0.197454
-0.197454
-0.197454
-0.197454
-0.197454
-0.197454
-0.197454
-0.197454
-0.197454
-0.197454
-0.197454
-0.197454
-0.197454
-0.198181
-0.198181
-0.198181
-0.198181
-0.198181
-0.198181
-0.198181
-0.198181
-0.198181
-0.198181
-0.198181
-0.198181
-0.198181
-0.198181
-0.198181
-0.198181
-0.198181
-0.198181
-0.198181
-0.198181
-0.198909
-0.198909
-0.198909
-0.198909
-0.198909
-0.198909
-0.198909
-0.198909
-0.198909
-0.198909
-0.198909
-0.198909
-0.198909
-0.198909
-0.198909
-0.198909
-0.198909
-0.198909
-0.198909
-0.198909
-0.199636
-0.199636
-0.199636
-0.199636
-0.199636
-0.199636
-0.199636
-0.199636
-0.199636
-0.199636
-0.199636
-0.199636
-0.199636
-0.199636
-0.199636
-0.199636
-0.199636
-0.199636
-0.199636
-0.199636
)
;

boundaryField
{
    inlet
    {
        type            calculated;
        value           uniform 0;
    }
    atmosphere
    {
        type            calculated;
        value           nonuniform List<scalar> 
20
(
-0.2
-0.2
-0.2
-0.2
-0.2
-0.2
-0.2
-0.2
-0.2
-0.2
-0.2
-0.2
-0.2
-0.2
-0.2
-0.2
-0.2
-0.2
-0.2
-0.2
)
;
    }
    walls
    {
        type            calculated;
        value           nonuniform List<scalar> 
800
(
-0.253301
-0.759904
-1.26651
-1.77311
-2.27971
-2.78631
-3.29292
-3.79952
-4.30612
-4.81272
-5.31933
-5.82593
-6.33253
-6.83913
-7.34574
-7.85234
-8.35894
-8.86555
-9.37215
-9.87875
-10.3854
-10.892
-11.3986
-11.9052
-12.4118
-12.9184
-13.425
-13.9316
-14.4382
-14.9448
-15.4514
-15.958
-16.4646
-16.9712
-17.4778
-17.9844
-18.491
-18.9976
-19.5042
-20.0108
-20.5174
-21.024
-21.5306
-22.0372
-22.5438
-23.0504
-23.557
-24.0636
-24.5702
-25.0768
-25.5834
-26.09
-26.5966
-27.1032
-27.6099
-28.1165
-28.6231
-29.1297
-29.6363
-30.1429
-30.6495
-31.1561
-31.6627
-32.1693
-32.6759
-33.1825
-33.6891
-34.1957
-34.7023
-35.2089
-35.7155
-36.2221
-36.7287
-37.2353
-37.7419
-38.2485
-38.7551
-39.2617
-39.7683
-40.2749
-40.7815
-41.2881
-41.7947
-42.3013
-42.8079
-43.3145
-43.8211
-44.3277
-44.8344
-45.341
-45.8476
-46.3542
-46.8608
-47.3674
-47.874
-48.3806
-48.8872
-49.3938
-49.9004
-50.407
-50.9136
-51.4202
-51.9268
-52.4334
-52.94
-53.4466
-53.9532
-54.4598
-54.9664
-55.473
-55.9796
-56.4862
-56.9928
-57.4994
-58.006
-58.5126
-59.0192
-59.5258
-60.0324
-60.539
-61.0456
-61.5522
-62.0588
-62.5655
-63.0721
-63.5787
-64.0853
-64.5919
-65.0985
-65.6051
-66.1117
-66.6183
-67.1249
-67.6315
-68.1381
-68.6447
-69.1513
-69.6579
-70.1645
-70.6711
-71.1777
-71.6843
-72.1909
-72.6975
-73.2041
-73.7107
-74.2173
-74.7239
-75.2305
-75.7371
-76.2437
-76.7503
-77.2568
-77.7634
-78.2699
-78.7764
-79.2828
-79.7892
-80.2956
-80.8018
-81.308
-81.814
-82.3198
-82.8255
-83.331
-83.8365
-84.3418
-84.8473
-85.3532
-85.8603
-86.37
-86.8854
-87.4108
-87.9538
-88.5266
-89.1492
-89.8397
-90.6076
-91.4933
-91.6633
-93.9325
-87.5813
-70.9068
-18.0024
-3.14455
-0.201893
0.0219754
0.0520938
0.0640805
-0.0151131
-0.0561435
-0.0464694
-0.0411598
-0.0444988
-0.047824
-0.0499909
-0.0514817
-0.0525998
-0.0535158
-0.0543237
-0.0550751
-0.0557983
-0.0565087
-0.0572143
-0.0579192
-0.0586253
-0.0593332
-0.0600434
-0.0607557
-0.0614701
-0.0621866
-0.062905
-0.063625
-0.0643464
-0.0650691
-0.0657928
-0.0665174
-0.0672425
-0.0679682
-0.0686944
-0.0694208
-0.0701475
-0.0708744
-0.0716014
-0.0723286
-0.0730558
-0.0737832
-0.0745105
-0.0752379
-0.0759654
-0.0766928
-0.0774203
-0.0781478
-0.0788752
-0.0796026
-0.0803301
-0.0810575
-0.081785
-0.0825124
-0.0832398
-0.0839672
-0.0846946
-0.0854221
-0.0861495
-0.0868769
-0.0876043
-0.0883318
-0.0890592
-0.0897866
-0.0905141
-0.0912415
-0.091969
-0.0926964
-0.0934239
-0.0941513
-0.0948788
-0.0956062
-0.0963337
-0.0970612
-0.0977886
-0.0985161
-0.0992436
-0.0999711
-0.100699
-0.101426
-0.102153
-0.102881
-0.103608
-0.104336
-0.105063
-0.105791
-0.106518
-0.107246
-0.107973
-0.108701
-0.109428
-0.110156
-0.110883
-0.111611
-0.112338
-0.113066
-0.113793
-0.114521
-0.115248
-0.115976
-0.116703
-0.117431
-0.118158
-0.118886
-0.119613
-0.120341
-0.121068
-0.121795
-0.122523
-0.12325
-0.123978
-0.124705
-0.125433
-0.12616
-0.126888
-0.127615
-0.128343
-0.12907
-0.129798
-0.130525
-0.131253
-0.13198
-0.132708
-0.133435
-0.134163
-0.13489
-0.135618
-0.136345
-0.137072
-0.1378
-0.138527
-0.139255
-0.139982
-0.14071
-0.141437
-0.142165
-0.142892
-0.14362
-0.144347
-0.145075
-0.145802
-0.14653
-0.147257
-0.147985
-0.148712
-0.14944
-0.150167
-0.150894
-0.151622
-0.152349
-0.153077
-0.153804
-0.154532
-0.155259
-0.155987
-0.156714
-0.157442
-0.158169
-0.158897
-0.159624
-0.160352
-0.161079
-0.161807
-0.162534
-0.163262
-0.163989
-0.164717
-0.165444
-0.166172
-0.166899
-0.167627
-0.168354
-0.169082
-0.169809
-0.170537
-0.171264
-0.171992
-0.172719
-0.173446
-0.174174
-0.174901
-0.175629
-0.176356
-0.177084
-0.177811
-0.178539
-0.179266
-0.179994
-0.180721
-0.181449
-0.182176
-0.182904
-0.183631
-0.184359
-0.185086
-0.185814
-0.186541
-0.187269
-0.187996
-0.188724
-0.189451
-0.190179
-0.190906
-0.191634
-0.192361
-0.193089
-0.193816
-0.194544
-0.195271
-0.195999
-0.196726
-0.197454
-0.198181
-0.198909
-0.199636
-0.253302
-0.759904
-1.26651
-1.77311
-2.27971
-2.78631
-3.29292
-3.79952
-4.30612
-4.81272
-5.31933
-5.82593
-6.33253
-6.83913
-7.34574
-7.85234
-8.35894
-8.86555
-9.37215
-9.87875
-10.3854
-10.892
-11.3986
-11.9052
-12.4118
-12.9184
-13.425
-13.9316
-14.4382
-14.9448
-15.4514
-15.958
-16.4646
-16.9712
-17.4778
-17.9844
-18.491
-18.9976
-19.5042
-20.0108
-20.5174
-21.024
-21.5306
-22.0372
-22.5438
-23.0504
-23.557
-24.0636
-24.5702
-25.0768
-25.5834
-26.09
-26.5966
-27.1032
-27.6099
-28.1165
-28.6231
-29.1297
-29.6363
-30.1429
-30.6495
-31.1561
-31.6627
-32.1693
-32.6759
-33.1825
-33.6891
-34.1957
-34.7023
-35.2089
-35.7155
-36.2221
-36.7287
-37.2353
-37.7419
-38.2485
-38.7551
-39.2617
-39.7683
-40.2749
-40.7815
-41.2881
-41.7947
-42.3013
-42.8079
-43.3145
-43.8211
-44.3277
-44.8344
-45.341
-45.8476
-46.3542
-46.8608
-47.3674
-47.874
-48.3806
-48.8872
-49.3938
-49.9004
-50.407
-50.9136
-51.4202
-51.9268
-52.4334
-52.94
-53.4466
-53.9532
-54.4598
-54.9664
-55.473
-55.9796
-56.4862
-56.9928
-57.4994
-58.006
-58.5126
-59.0192
-59.5258
-60.0324
-60.539
-61.0456
-61.5522
-62.0588
-62.5655
-63.0721
-63.5787
-64.0853
-64.5919
-65.0985
-65.6051
-66.1117
-66.6183
-67.1249
-67.6315
-68.1381
-68.6447
-69.1513
-69.6579
-70.1645
-70.6711
-71.1777
-71.6843
-72.1909
-72.6975
-73.2041
-73.7107
-74.2173
-74.7239
-75.2304
-75.737
-76.2436
-76.7501
-77.2567
-77.7632
-78.2697
-78.7761
-79.2826
-79.7889
-80.2952
-80.8013
-81.3074
-81.8133
-82.3191
-82.8247
-83.3301
-83.8353
-84.3405
-84.8457
-85.3514
-85.8582
-86.3677
-86.8827
-87.4078
-87.9504
-88.5229
-89.1453
-89.8356
-90.6037
-91.4897
-91.6604
-93.9309
-87.5818
-70.9008
-17.9944
-3.13266
-0.192005
0.0273077
0.0528642
0.0600077
-0.014432
-0.0541546
-0.0449565
-0.0399202
-0.0435166
-0.0470563
-0.0493832
-0.0509915
-0.0521963
-0.0531776
-0.054036
-0.0548277
-0.0555841
-0.0563224
-0.0570519
-0.0577775
-0.0585016
-0.0592254
-0.0599493
-0.0606737
-0.0613985
-0.0621239
-0.0628499
-0.0635765
-0.0643037
-0.0650313
-0.0657594
-0.0664878
-0.0672164
-0.0679452
-0.0686741
-0.0694031
-0.070132
-0.0708608
-0.0715896
-0.0723183
-0.0730469
-0.0737754
-0.0745038
-0.0752321
-0.0759603
-0.0766884
-0.0774165
-0.0781445
-0.0788724
-0.0796002
-0.080328
-0.0810557
-0.0817834
-0.082511
-0.0832386
-0.0839662
-0.0846938
-0.0854213
-0.0861488
-0.0868763
-0.0876038
-0.0883313
-0.0890588
-0.0897863
-0.0905138
-0.0912412
-0.0919687
-0.0926962
-0.0934237
-0.0941512
-0.0948787
-0.0956061
-0.0963336
-0.0970611
-0.0977886
-0.0985161
-0.0992435
-0.099971
-0.100698
-0.101426
-0.102153
-0.102881
-0.103608
-0.104336
-0.105063
-0.105791
-0.106518
-0.107246
-0.107973
-0.108701
-0.109428
-0.110156
-0.110883
-0.111611
-0.112338
-0.113066
-0.113793
-0.114521
-0.115248
-0.115976
-0.116703
-0.117431
-0.118158
-0.118886
-0.119613
-0.120341
-0.121068
-0.121795
-0.122523
-0.12325
-0.123978
-0.124705
-0.125433
-0.12616
-0.126888
-0.127615
-0.128343
-0.12907
-0.129798
-0.130525
-0.131253
-0.13198
-0.132708
-0.133435
-0.134163
-0.13489
-0.135618
-0.136345
-0.137073
-0.1378
-0.138527
-0.139255
-0.139982
-0.14071
-0.141437
-0.142165
-0.142892
-0.14362
-0.144347
-0.145075
-0.145802
-0.14653
-0.147257
-0.147985
-0.148712
-0.14944
-0.150167
-0.150895
-0.151622
-0.15235
-0.153077
-0.153804
-0.154532
-0.155259
-0.155987
-0.156714
-0.157442
-0.158169
-0.158897
-0.159624
-0.160352
-0.161079
-0.161807
-0.162534
-0.163262
-0.163989
-0.164717
-0.165444
-0.166172
-0.166899
-0.167627
-0.168354
-0.169082
-0.169809
-0.170537
-0.171264
-0.171992
-0.172719
-0.173446
-0.174174
-0.174901
-0.175629
-0.176356
-0.177084
-0.177811
-0.178539
-0.179266
-0.179994
-0.180721
-0.181449
-0.182176
-0.182904
-0.183631
-0.184359
-0.185086
-0.185814
-0.186541
-0.187269
-0.187996
-0.188724
-0.189451
-0.190179
-0.190906
-0.191634
-0.192361
-0.193089
-0.193816
-0.194544
-0.195271
-0.195999
-0.196726
-0.197454
-0.198181
-0.198909
-0.199636
)
;
    }
    frontAndBack
    {
        type            empty;
    }
}


// ************************************************************************* //
