/*--------------------------------*- C++ -*----------------------------------*\
| =========                 |                                                 |
| \\      /  F ield         | OpenFOAM: The Open Source CFD Toolbox           |
|  \\    /   O peration     | Version:  2.1.x                                 |
|   \\  /    A nd           | Web:      www.OpenFOAM.org                      |
|    \\/     M anipulation  |                                                 |
\*---------------------------------------------------------------------------*/
FoamFile
{
    version     2.0;
    format      ascii;
    class       volScalarField;
    location    "0.05";
    object      p_rgh;
}
// * * * * * * * * * * * * * * * * * * * * * * * * * * * * * * * * * * * * * //

dimensions      [1 -1 -2 0 0 0 0];

internalField   nonuniform List<scalar> 
8000
(
-0.00330137
-0.00330132
-0.00330128
-0.00330124
-0.00330121
-0.00330118
-0.00330115
-0.00330113
-0.00330112
-0.00330111
-0.00330111
-0.00330111
-0.00330113
-0.00330115
-0.00330117
-0.0033012
-0.00330124
-0.00330129
-0.00330133
-0.0033014
-0.00990398
-0.00990389
-0.00990383
-0.00990377
-0.00990371
-0.00990366
-0.00990361
-0.00990357
-0.00990355
-0.00990353
-0.00990353
-0.00990354
-0.00990356
-0.0099036
-0.00990365
-0.00990371
-0.00990378
-0.00990385
-0.00990393
-0.00990404
-0.0165065
-0.0165064
-0.0165064
-0.0165063
-0.0165063
-0.0165062
-0.0165062
-0.0165061
-0.0165061
-0.0165061
-0.0165061
-0.0165061
-0.0165061
-0.0165061
-0.0165062
-0.0165063
-0.0165063
-0.0165064
-0.0165065
-0.0165066
-0.023109
-0.023109
-0.023109
-0.0231089
-0.0231088
-0.0231088
-0.0231087
-0.0231087
-0.0231086
-0.0231086
-0.0231086
-0.0231086
-0.0231086
-0.0231087
-0.0231088
-0.0231088
-0.0231089
-0.023109
-0.0231091
-0.0231092
-0.0297115
-0.0297116
-0.0297115
-0.0297115
-0.0297114
-0.0297113
-0.0297113
-0.0297112
-0.0297112
-0.0297111
-0.0297111
-0.0297112
-0.0297112
-0.0297113
-0.0297113
-0.0297114
-0.0297115
-0.0297116
-0.0297116
-0.0297118
-0.0363141
-0.0363142
-0.0363141
-0.036314
-0.036314
-0.0363139
-0.0363138
-0.0363137
-0.0363137
-0.0363137
-0.0363137
-0.0363137
-0.0363138
-0.0363138
-0.0363139
-0.036314
-0.0363141
-0.0363142
-0.0363142
-0.0363144
-0.0429167
-0.0429167
-0.0429167
-0.0429166
-0.0429165
-0.0429164
-0.0429164
-0.0429163
-0.0429163
-0.0429162
-0.0429162
-0.0429163
-0.0429163
-0.0429164
-0.0429165
-0.0429166
-0.0429167
-0.0429167
-0.0429168
-0.0429168
-0.0495194
-0.0495193
-0.0495193
-0.0495192
-0.0495191
-0.049519
-0.0495189
-0.0495189
-0.0495188
-0.0495188
-0.0495188
-0.0495188
-0.0495189
-0.049519
-0.0495191
-0.0495191
-0.0495192
-0.0495193
-0.0495193
-0.0495193
-0.0561221
-0.0561219
-0.0561218
-0.0561218
-0.0561217
-0.0561216
-0.0561215
-0.0561215
-0.0561214
-0.0561214
-0.0561214
-0.0561214
-0.0561215
-0.0561216
-0.0561217
-0.0561217
-0.0561218
-0.0561219
-0.0561219
-0.0561218
-0.0627248
-0.0627245
-0.0627244
-0.0627244
-0.0627243
-0.0627242
-0.0627241
-0.0627241
-0.062724
-0.062724
-0.062724
-0.0627241
-0.0627241
-0.0627242
-0.0627243
-0.0627244
-0.0627244
-0.0627245
-0.0627245
-0.0627244
-0.0693274
-0.0693271
-0.069327
-0.069327
-0.0693269
-0.0693269
-0.0693268
-0.0693267
-0.0693267
-0.0693267
-0.0693267
-0.0693267
-0.0693268
-0.0693269
-0.0693269
-0.069327
-0.0693271
-0.0693271
-0.0693272
-0.069327
-0.07593
-0.0759297
-0.0759297
-0.0759296
-0.0759296
-0.0759295
-0.0759295
-0.0759294
-0.0759294
-0.0759294
-0.0759294
-0.0759295
-0.0759295
-0.0759296
-0.0759297
-0.0759297
-0.0759298
-0.0759298
-0.0759298
-0.0759297
-0.0825324
-0.0825324
-0.0825324
-0.0825323
-0.0825323
-0.0825323
-0.0825322
-0.0825322
-0.0825322
-0.0825322
-0.0825322
-0.0825322
-0.0825323
-0.0825324
-0.0825324
-0.0825325
-0.0825325
-0.0825325
-0.0825325
-0.0825324
-0.0891349
-0.0891351
-0.0891351
-0.0891351
-0.089135
-0.089135
-0.089135
-0.089135
-0.089135
-0.089135
-0.089135
-0.0891351
-0.0891351
-0.0891352
-0.0891352
-0.0891352
-0.0891352
-0.0891352
-0.0891352
-0.0891351
-0.0957374
-0.0957378
-0.0957379
-0.0957378
-0.0957378
-0.0957378
-0.0957378
-0.0957378
-0.0957378
-0.0957379
-0.0957379
-0.0957379
-0.095738
-0.095738
-0.095738
-0.095738
-0.095738
-0.095738
-0.095738
-0.0957379
-0.10234
-0.102341
-0.102341
-0.102341
-0.102341
-0.102341
-0.102341
-0.102341
-0.102341
-0.102341
-0.102341
-0.102341
-0.102341
-0.102341
-0.102341
-0.102341
-0.102341
-0.102341
-0.102341
-0.102341
-0.108943
-0.108943
-0.108944
-0.108944
-0.108944
-0.108944
-0.108944
-0.108944
-0.108944
-0.108944
-0.108944
-0.108944
-0.108944
-0.108944
-0.108944
-0.108944
-0.108944
-0.108944
-0.108944
-0.108944
-0.115546
-0.115546
-0.115546
-0.115546
-0.115546
-0.115547
-0.115547
-0.115547
-0.115547
-0.115547
-0.115547
-0.115547
-0.115547
-0.115547
-0.115547
-0.115547
-0.115547
-0.115547
-0.115547
-0.115547
-0.122149
-0.122149
-0.122149
-0.122149
-0.12215
-0.12215
-0.12215
-0.12215
-0.12215
-0.12215
-0.12215
-0.12215
-0.12215
-0.12215
-0.12215
-0.12215
-0.12215
-0.12215
-0.12215
-0.12215
-0.128752
-0.128752
-0.128752
-0.128753
-0.128753
-0.128753
-0.128753
-0.128753
-0.128753
-0.128753
-0.128753
-0.128753
-0.128753
-0.128753
-0.128753
-0.128753
-0.128753
-0.128753
-0.128753
-0.128753
-0.135355
-0.135356
-0.135356
-0.135356
-0.135356
-0.135356
-0.135356
-0.135356
-0.135356
-0.135356
-0.135356
-0.135356
-0.135356
-0.135356
-0.135356
-0.135356
-0.135356
-0.135356
-0.135356
-0.135356
-0.141958
-0.141959
-0.141959
-0.141959
-0.141959
-0.141959
-0.141959
-0.141959
-0.141959
-0.141959
-0.141959
-0.141959
-0.141959
-0.141959
-0.141959
-0.141959
-0.141959
-0.141959
-0.141959
-0.141959
-0.148561
-0.148562
-0.148562
-0.148562
-0.148562
-0.148562
-0.148562
-0.148562
-0.148562
-0.148562
-0.148562
-0.148562
-0.148562
-0.148562
-0.148562
-0.148562
-0.148562
-0.148562
-0.148562
-0.148562
-0.155164
-0.155165
-0.155165
-0.155165
-0.155165
-0.155165
-0.155165
-0.155165
-0.155165
-0.155165
-0.155165
-0.155165
-0.155165
-0.155165
-0.155165
-0.155165
-0.155165
-0.155165
-0.155165
-0.155165
-0.161768
-0.161768
-0.161768
-0.161768
-0.161768
-0.161768
-0.161769
-0.161769
-0.161769
-0.161769
-0.161769
-0.161769
-0.161769
-0.161769
-0.161769
-0.161768
-0.161768
-0.161768
-0.161768
-0.161768
-0.168371
-0.168371
-0.168371
-0.168372
-0.168372
-0.168372
-0.168372
-0.168372
-0.168372
-0.168372
-0.168372
-0.168372
-0.168372
-0.168372
-0.168372
-0.168372
-0.168372
-0.168372
-0.168371
-0.168371
-0.174975
-0.174975
-0.174975
-0.174975
-0.174975
-0.174975
-0.174975
-0.174975
-0.174975
-0.174975
-0.174975
-0.174975
-0.174975
-0.174975
-0.174975
-0.174975
-0.174975
-0.174975
-0.174975
-0.174974
-0.181578
-0.181578
-0.181578
-0.181578
-0.181578
-0.181578
-0.181578
-0.181578
-0.181578
-0.181578
-0.181578
-0.181578
-0.181578
-0.181578
-0.181578
-0.181578
-0.181578
-0.181578
-0.181578
-0.181577
-0.188181
-0.188181
-0.188181
-0.188181
-0.188181
-0.188181
-0.188181
-0.188181
-0.188181
-0.188181
-0.188181
-0.188181
-0.188181
-0.188181
-0.188181
-0.188181
-0.188181
-0.188181
-0.188181
-0.18818
-0.194784
-0.194784
-0.194784
-0.194784
-0.194784
-0.194784
-0.194784
-0.194784
-0.194784
-0.194784
-0.194784
-0.194784
-0.194784
-0.194784
-0.194784
-0.194784
-0.194784
-0.194784
-0.194784
-0.194784
-0.201387
-0.201387
-0.201387
-0.201387
-0.201387
-0.201387
-0.201387
-0.201387
-0.201387
-0.201387
-0.201387
-0.201387
-0.201387
-0.201387
-0.201387
-0.201387
-0.201387
-0.201387
-0.201387
-0.201387
-0.20799
-0.20799
-0.20799
-0.20799
-0.20799
-0.20799
-0.20799
-0.20799
-0.20799
-0.20799
-0.20799
-0.20799
-0.20799
-0.20799
-0.20799
-0.20799
-0.20799
-0.20799
-0.20799
-0.20799
-0.214593
-0.214593
-0.214593
-0.214593
-0.214593
-0.214593
-0.214593
-0.214593
-0.214593
-0.214593
-0.214593
-0.214593
-0.214593
-0.214593
-0.214593
-0.214593
-0.214593
-0.214593
-0.214593
-0.214594
-0.221196
-0.221196
-0.221196
-0.221196
-0.221196
-0.221196
-0.221196
-0.221196
-0.221196
-0.221196
-0.221196
-0.221196
-0.221196
-0.221196
-0.221196
-0.221196
-0.221196
-0.221196
-0.221196
-0.221197
-0.227799
-0.227799
-0.227799
-0.227799
-0.227799
-0.227799
-0.227799
-0.227799
-0.227799
-0.227799
-0.227799
-0.227799
-0.227799
-0.227799
-0.227799
-0.227799
-0.227799
-0.227799
-0.227799
-0.227799
-0.234402
-0.234402
-0.234402
-0.234402
-0.234402
-0.234402
-0.234402
-0.234402
-0.234402
-0.234402
-0.234402
-0.234402
-0.234402
-0.234402
-0.234402
-0.234402
-0.234402
-0.234402
-0.234402
-0.234402
-0.241005
-0.241005
-0.241005
-0.241005
-0.241005
-0.241005
-0.241005
-0.241005
-0.241005
-0.241005
-0.241005
-0.241004
-0.241005
-0.241005
-0.241005
-0.241005
-0.241005
-0.241005
-0.241005
-0.241005
-0.247608
-0.247608
-0.247608
-0.247608
-0.247608
-0.247607
-0.247607
-0.247607
-0.247607
-0.247607
-0.247607
-0.247607
-0.247607
-0.247607
-0.247607
-0.247607
-0.247607
-0.247607
-0.247607
-0.247607
-0.254211
-0.25421
-0.25421
-0.25421
-0.25421
-0.25421
-0.25421
-0.25421
-0.25421
-0.25421
-0.25421
-0.25421
-0.25421
-0.25421
-0.25421
-0.25421
-0.25421
-0.25421
-0.25421
-0.25421
-0.260813
-0.260813
-0.260813
-0.260813
-0.260813
-0.260813
-0.260813
-0.260813
-0.260813
-0.260813
-0.260813
-0.260813
-0.260813
-0.260813
-0.260813
-0.260813
-0.260813
-0.260813
-0.260813
-0.260813
-0.267416
-0.267416
-0.267416
-0.267416
-0.267416
-0.267416
-0.267415
-0.267415
-0.267415
-0.267415
-0.267415
-0.267415
-0.267415
-0.267415
-0.267416
-0.267416
-0.267416
-0.267416
-0.267416
-0.267415
-0.274019
-0.274018
-0.274018
-0.274018
-0.274018
-0.274018
-0.274018
-0.274018
-0.274018
-0.274018
-0.274018
-0.274018
-0.274018
-0.274018
-0.274018
-0.274018
-0.274018
-0.274018
-0.274018
-0.274018
-0.280621
-0.280621
-0.280621
-0.280621
-0.280621
-0.280621
-0.280621
-0.280621
-0.280621
-0.280621
-0.280621
-0.280621
-0.280621
-0.280621
-0.280621
-0.280621
-0.280621
-0.280621
-0.280621
-0.280621
-0.287224
-0.287224
-0.287224
-0.287224
-0.287223
-0.287223
-0.287223
-0.287223
-0.287223
-0.287223
-0.287223
-0.287223
-0.287223
-0.287223
-0.287223
-0.287224
-0.287224
-0.287224
-0.287224
-0.287223
-0.293826
-0.293826
-0.293826
-0.293826
-0.293826
-0.293826
-0.293826
-0.293826
-0.293826
-0.293826
-0.293826
-0.293826
-0.293826
-0.293826
-0.293826
-0.293826
-0.293826
-0.293826
-0.293826
-0.293826
-0.300429
-0.300429
-0.300429
-0.300429
-0.300429
-0.300429
-0.300429
-0.300429
-0.300429
-0.300429
-0.300429
-0.300429
-0.300429
-0.300429
-0.300429
-0.300429
-0.300429
-0.300429
-0.300429
-0.300428
-0.307031
-0.307031
-0.307031
-0.307031
-0.307031
-0.307031
-0.307031
-0.307031
-0.307031
-0.307031
-0.307031
-0.307031
-0.307031
-0.307031
-0.307031
-0.307031
-0.307031
-0.307031
-0.307031
-0.307031
-0.313633
-0.313634
-0.313634
-0.313634
-0.313634
-0.313634
-0.313634
-0.313634
-0.313634
-0.313634
-0.313634
-0.313634
-0.313634
-0.313634
-0.313634
-0.313634
-0.313634
-0.313634
-0.313634
-0.313634
-0.320236
-0.320236
-0.320236
-0.320236
-0.320236
-0.320236
-0.320236
-0.320236
-0.320236
-0.320236
-0.320236
-0.320236
-0.320236
-0.320236
-0.320237
-0.320237
-0.320237
-0.320237
-0.320237
-0.320236
-0.326839
-0.326839
-0.326839
-0.326839
-0.326839
-0.326839
-0.326839
-0.326839
-0.326839
-0.326839
-0.326839
-0.326839
-0.326839
-0.326839
-0.326839
-0.326839
-0.326839
-0.326839
-0.326839
-0.326839
-0.333442
-0.333441
-0.333441
-0.333441
-0.333441
-0.333441
-0.333441
-0.333441
-0.333441
-0.333442
-0.333442
-0.333442
-0.333442
-0.333442
-0.333442
-0.333442
-0.333442
-0.333442
-0.333442
-0.333442
-0.340044
-0.340044
-0.340044
-0.340044
-0.340044
-0.340044
-0.340044
-0.340044
-0.340044
-0.340044
-0.340044
-0.340044
-0.340044
-0.340044
-0.340044
-0.340044
-0.340044
-0.340044
-0.340044
-0.340044
-0.346647
-0.346647
-0.346647
-0.346647
-0.346647
-0.346647
-0.346647
-0.346647
-0.346647
-0.346647
-0.346647
-0.346647
-0.346647
-0.346647
-0.346647
-0.346647
-0.346647
-0.346647
-0.346647
-0.346647
-0.35325
-0.353249
-0.353249
-0.353249
-0.353249
-0.353249
-0.353249
-0.353249
-0.353249
-0.353249
-0.353249
-0.353249
-0.353249
-0.353249
-0.353249
-0.353249
-0.353249
-0.353249
-0.353249
-0.35325
-0.359852
-0.359852
-0.359852
-0.359852
-0.359852
-0.359852
-0.359852
-0.359852
-0.359852
-0.359852
-0.359852
-0.359852
-0.359852
-0.359852
-0.359852
-0.359852
-0.359852
-0.359852
-0.359852
-0.359852
-0.366455
-0.366454
-0.366454
-0.366454
-0.366454
-0.366454
-0.366454
-0.366455
-0.366455
-0.366455
-0.366455
-0.366455
-0.366455
-0.366455
-0.366455
-0.366455
-0.366455
-0.366455
-0.366455
-0.366455
-0.373057
-0.373057
-0.373057
-0.373057
-0.373057
-0.373057
-0.373057
-0.373057
-0.373057
-0.373057
-0.373057
-0.373057
-0.373057
-0.373057
-0.373057
-0.373057
-0.373057
-0.373057
-0.373057
-0.373057
-0.37966
-0.37966
-0.37966
-0.37966
-0.37966
-0.37966
-0.37966
-0.37966
-0.37966
-0.37966
-0.37966
-0.37966
-0.37966
-0.37966
-0.37966
-0.37966
-0.37966
-0.37966
-0.37966
-0.37966
-0.386262
-0.386262
-0.386262
-0.386262
-0.386263
-0.386263
-0.386263
-0.386263
-0.386263
-0.386263
-0.386263
-0.386263
-0.386263
-0.386263
-0.386263
-0.386263
-0.386263
-0.386263
-0.386263
-0.386263
-0.392865
-0.392865
-0.392865
-0.392865
-0.392865
-0.392865
-0.392865
-0.392865
-0.392865
-0.392865
-0.392865
-0.392865
-0.392865
-0.392865
-0.392865
-0.392865
-0.392865
-0.392865
-0.392865
-0.392865
-0.399468
-0.399468
-0.399468
-0.399468
-0.399468
-0.399468
-0.399468
-0.399468
-0.399468
-0.399468
-0.399468
-0.399468
-0.399468
-0.399468
-0.399468
-0.399468
-0.399468
-0.399468
-0.399468
-0.399468
-0.406071
-0.406071
-0.406071
-0.406071
-0.406071
-0.406071
-0.406071
-0.406071
-0.406071
-0.406071
-0.406071
-0.406071
-0.406071
-0.406071
-0.406071
-0.406071
-0.406071
-0.406071
-0.406071
-0.406071
-0.412673
-0.412674
-0.412674
-0.412674
-0.412674
-0.412674
-0.412674
-0.412674
-0.412674
-0.412674
-0.412674
-0.412674
-0.412674
-0.412674
-0.412674
-0.412674
-0.412674
-0.412674
-0.412674
-0.412673
-0.419276
-0.419277
-0.419277
-0.419277
-0.419277
-0.419277
-0.419277
-0.419277
-0.419277
-0.419277
-0.419277
-0.419277
-0.419277
-0.419277
-0.419277
-0.419277
-0.419277
-0.419277
-0.419277
-0.419276
-0.425879
-0.42588
-0.42588
-0.42588
-0.42588
-0.42588
-0.42588
-0.42588
-0.42588
-0.42588
-0.42588
-0.42588
-0.42588
-0.42588
-0.42588
-0.42588
-0.42588
-0.42588
-0.42588
-0.425879
-0.432482
-0.432483
-0.432483
-0.432483
-0.432483
-0.432483
-0.432483
-0.432483
-0.432483
-0.432483
-0.432483
-0.432483
-0.432483
-0.432483
-0.432483
-0.432483
-0.432483
-0.432483
-0.432483
-0.432482
-0.439085
-0.439086
-0.439086
-0.439086
-0.439086
-0.439086
-0.439086
-0.439086
-0.439086
-0.439086
-0.439086
-0.439086
-0.439086
-0.439086
-0.439086
-0.439086
-0.439086
-0.439086
-0.439086
-0.439085
-0.445688
-0.445689
-0.445689
-0.445689
-0.445689
-0.445689
-0.445689
-0.445689
-0.445689
-0.445689
-0.445689
-0.445689
-0.445689
-0.445689
-0.445689
-0.445689
-0.445689
-0.445689
-0.445689
-0.445688
-0.452291
-0.452292
-0.452292
-0.452292
-0.452292
-0.452292
-0.452292
-0.452292
-0.452292
-0.452292
-0.452292
-0.452292
-0.452292
-0.452292
-0.452292
-0.452292
-0.452292
-0.452292
-0.452292
-0.452291
-0.458894
-0.458895
-0.458895
-0.458895
-0.458895
-0.458895
-0.458895
-0.458895
-0.458895
-0.458895
-0.458895
-0.458895
-0.458895
-0.458895
-0.458895
-0.458895
-0.458895
-0.458895
-0.458895
-0.458895
-0.465497
-0.465498
-0.465498
-0.465498
-0.465498
-0.465498
-0.465498
-0.465498
-0.465498
-0.465498
-0.465498
-0.465498
-0.465498
-0.465498
-0.465498
-0.465498
-0.465498
-0.465498
-0.465498
-0.465498
-0.472101
-0.472101
-0.472101
-0.472101
-0.472101
-0.472101
-0.472101
-0.472101
-0.472101
-0.472101
-0.472101
-0.472101
-0.472101
-0.472101
-0.472101
-0.472101
-0.472101
-0.472101
-0.472101
-0.472101
-0.478704
-0.478704
-0.478704
-0.478704
-0.478704
-0.478704
-0.478704
-0.478704
-0.478704
-0.478704
-0.478704
-0.478704
-0.478704
-0.478704
-0.478704
-0.478704
-0.478704
-0.478704
-0.478704
-0.478704
-0.485307
-0.485307
-0.485307
-0.485307
-0.485307
-0.485307
-0.485307
-0.485307
-0.485307
-0.485307
-0.485307
-0.485307
-0.485307
-0.485307
-0.485307
-0.485307
-0.485307
-0.485307
-0.485307
-0.485307
-0.49191
-0.49191
-0.49191
-0.49191
-0.49191
-0.49191
-0.49191
-0.49191
-0.49191
-0.49191
-0.49191
-0.49191
-0.49191
-0.49191
-0.49191
-0.49191
-0.49191
-0.49191
-0.49191
-0.49191
-0.498514
-0.498513
-0.498513
-0.498513
-0.498513
-0.498513
-0.498513
-0.498513
-0.498513
-0.498513
-0.498513
-0.498513
-0.498513
-0.498513
-0.498513
-0.498513
-0.498513
-0.498513
-0.498513
-0.498514
-0.505117
-0.505116
-0.505116
-0.505116
-0.505116
-0.505116
-0.505116
-0.505116
-0.505116
-0.505116
-0.505116
-0.505116
-0.505116
-0.505116
-0.505116
-0.505116
-0.505116
-0.505116
-0.505116
-0.505117
-0.51172
-0.511719
-0.511719
-0.511719
-0.511719
-0.511719
-0.511719
-0.511719
-0.511719
-0.511719
-0.511719
-0.511719
-0.511719
-0.511719
-0.511719
-0.511719
-0.511719
-0.511719
-0.511719
-0.511719
-0.518323
-0.518322
-0.518322
-0.518322
-0.518322
-0.518322
-0.518322
-0.518322
-0.518322
-0.518322
-0.518322
-0.518322
-0.518322
-0.518322
-0.518322
-0.518322
-0.518322
-0.518322
-0.518322
-0.518322
-0.524925
-0.524925
-0.524925
-0.524925
-0.524925
-0.524925
-0.524925
-0.524925
-0.524925
-0.524925
-0.524925
-0.524925
-0.524925
-0.524925
-0.524925
-0.524925
-0.524925
-0.524925
-0.524925
-0.524925
-0.531528
-0.531528
-0.531528
-0.531528
-0.531528
-0.531528
-0.531528
-0.531528
-0.531528
-0.531528
-0.531528
-0.531528
-0.531528
-0.531528
-0.531528
-0.531528
-0.531528
-0.531528
-0.531528
-0.531528
-0.538131
-0.538131
-0.538131
-0.538131
-0.538131
-0.538131
-0.538131
-0.538131
-0.538131
-0.538131
-0.538131
-0.538131
-0.538131
-0.538131
-0.538131
-0.538131
-0.538131
-0.538131
-0.538131
-0.538131
-0.544734
-0.544734
-0.544734
-0.544734
-0.544734
-0.544734
-0.544734
-0.544734
-0.544734
-0.544734
-0.544734
-0.544734
-0.544734
-0.544734
-0.544734
-0.544734
-0.544734
-0.544734
-0.544734
-0.544734
-0.551337
-0.551337
-0.551337
-0.551337
-0.551337
-0.551337
-0.551337
-0.551337
-0.551337
-0.551337
-0.551337
-0.551337
-0.551337
-0.551337
-0.551337
-0.551337
-0.551337
-0.551337
-0.551337
-0.551337
-0.557939
-0.55794
-0.55794
-0.55794
-0.55794
-0.55794
-0.55794
-0.55794
-0.55794
-0.55794
-0.55794
-0.55794
-0.55794
-0.55794
-0.55794
-0.55794
-0.55794
-0.55794
-0.55794
-0.55794
-0.564542
-0.564543
-0.564543
-0.564543
-0.564543
-0.564543
-0.564543
-0.564543
-0.564543
-0.564543
-0.564543
-0.564543
-0.564543
-0.564543
-0.564543
-0.564543
-0.564543
-0.564543
-0.564543
-0.564542
-0.571145
-0.571146
-0.571146
-0.571146
-0.571146
-0.571146
-0.571146
-0.571146
-0.571146
-0.571146
-0.571146
-0.571146
-0.571146
-0.571146
-0.571146
-0.571146
-0.571146
-0.571146
-0.571146
-0.571145
-0.577748
-0.577749
-0.577749
-0.577749
-0.577749
-0.577749
-0.577749
-0.577749
-0.577749
-0.577749
-0.577749
-0.577749
-0.577749
-0.577749
-0.577749
-0.577749
-0.577749
-0.577749
-0.577749
-0.577748
-0.584351
-0.584352
-0.584352
-0.584352
-0.584352
-0.584352
-0.584352
-0.584352
-0.584352
-0.584352
-0.584352
-0.584352
-0.584352
-0.584352
-0.584352
-0.584352
-0.584352
-0.584352
-0.584352
-0.584351
-0.590954
-0.590955
-0.590955
-0.590955
-0.590955
-0.590955
-0.590955
-0.590955
-0.590955
-0.590955
-0.590955
-0.590955
-0.590955
-0.590955
-0.590955
-0.590955
-0.590955
-0.590955
-0.590954
-0.590954
-0.597557
-0.597557
-0.597557
-0.597558
-0.597558
-0.597557
-0.597557
-0.597557
-0.597557
-0.597557
-0.597557
-0.597557
-0.597557
-0.597557
-0.597557
-0.597557
-0.597557
-0.597557
-0.597557
-0.597557
-0.60416
-0.60416
-0.60416
-0.60416
-0.60416
-0.60416
-0.60416
-0.60416
-0.60416
-0.60416
-0.60416
-0.60416
-0.60416
-0.60416
-0.60416
-0.60416
-0.60416
-0.60416
-0.60416
-0.604159
-0.610762
-0.610763
-0.610763
-0.610763
-0.610763
-0.610763
-0.610763
-0.610763
-0.610763
-0.610763
-0.610763
-0.610763
-0.610763
-0.610763
-0.610763
-0.610763
-0.610763
-0.610763
-0.610763
-0.610762
-0.617365
-0.617366
-0.617366
-0.617366
-0.617366
-0.617366
-0.617366
-0.617366
-0.617366
-0.617366
-0.617366
-0.617366
-0.617366
-0.617366
-0.617366
-0.617366
-0.617366
-0.617366
-0.617366
-0.617365
-0.623968
-0.623969
-0.623969
-0.623969
-0.623969
-0.623969
-0.623969
-0.623969
-0.623969
-0.623969
-0.623969
-0.623969
-0.623969
-0.623969
-0.623969
-0.623969
-0.623969
-0.623968
-0.623968
-0.623968
-0.630571
-0.630571
-0.630571
-0.630571
-0.630571
-0.630571
-0.630571
-0.630571
-0.630571
-0.630571
-0.630571
-0.630571
-0.630571
-0.630571
-0.630571
-0.630571
-0.630571
-0.630571
-0.630571
-0.63057
-0.637173
-0.637174
-0.637174
-0.637174
-0.637174
-0.637174
-0.637174
-0.637174
-0.637174
-0.637174
-0.637174
-0.637174
-0.637174
-0.637174
-0.637174
-0.637174
-0.637174
-0.637174
-0.637174
-0.637173
-0.643776
-0.643776
-0.643776
-0.643776
-0.643776
-0.643776
-0.643776
-0.643776
-0.643776
-0.643776
-0.643776
-0.643776
-0.643776
-0.643776
-0.643776
-0.643776
-0.643776
-0.643776
-0.643776
-0.643776
-0.650379
-0.650379
-0.650379
-0.650379
-0.650379
-0.650379
-0.650379
-0.650379
-0.650379
-0.650379
-0.650379
-0.650379
-0.650379
-0.650379
-0.650379
-0.650379
-0.650379
-0.650379
-0.650379
-0.650378
-0.656981
-0.656982
-0.656982
-0.656982
-0.656982
-0.656982
-0.656982
-0.656982
-0.656982
-0.656982
-0.656982
-0.656982
-0.656982
-0.656982
-0.656982
-0.656982
-0.656982
-0.656982
-0.656982
-0.656981
-0.663584
-0.663584
-0.663584
-0.663584
-0.663584
-0.663584
-0.663584
-0.663584
-0.663584
-0.663584
-0.663584
-0.663584
-0.663584
-0.663584
-0.663584
-0.663584
-0.663584
-0.663584
-0.663584
-0.663584
-0.670187
-0.670187
-0.670187
-0.670187
-0.670187
-0.670187
-0.670187
-0.670187
-0.670187
-0.670187
-0.670187
-0.670187
-0.670187
-0.670187
-0.670187
-0.670187
-0.670187
-0.670187
-0.670187
-0.670187
-0.676789
-0.676789
-0.676789
-0.676789
-0.676789
-0.676789
-0.676789
-0.676789
-0.676789
-0.676789
-0.676789
-0.676789
-0.676789
-0.676789
-0.676789
-0.676789
-0.676789
-0.676789
-0.676789
-0.676789
-0.683392
-0.683392
-0.683392
-0.683392
-0.683392
-0.683392
-0.683392
-0.683392
-0.683392
-0.683392
-0.683392
-0.683392
-0.683392
-0.683392
-0.683392
-0.683392
-0.683392
-0.683392
-0.683392
-0.683392
-0.689994
-0.689995
-0.689995
-0.689995
-0.689995
-0.689995
-0.689995
-0.689995
-0.689995
-0.689995
-0.689995
-0.689995
-0.689995
-0.689995
-0.689995
-0.689995
-0.689995
-0.689995
-0.689995
-0.689995
-0.696597
-0.696597
-0.696597
-0.696597
-0.696597
-0.696597
-0.696597
-0.696597
-0.696597
-0.696597
-0.696597
-0.696597
-0.696597
-0.696597
-0.696597
-0.696597
-0.696597
-0.696597
-0.696597
-0.696598
-0.7032
-0.7032
-0.7032
-0.7032
-0.7032
-0.7032
-0.7032
-0.7032
-0.7032
-0.7032
-0.7032
-0.7032
-0.7032
-0.7032
-0.7032
-0.7032
-0.7032
-0.7032
-0.7032
-0.7032
-0.709803
-0.709803
-0.709803
-0.709803
-0.709803
-0.709803
-0.709803
-0.709803
-0.709803
-0.709803
-0.709803
-0.709803
-0.709803
-0.709803
-0.709803
-0.709803
-0.709803
-0.709803
-0.709803
-0.709803
-0.716406
-0.716406
-0.716406
-0.716406
-0.716406
-0.716406
-0.716406
-0.716406
-0.716406
-0.716406
-0.716406
-0.716406
-0.716406
-0.716406
-0.716406
-0.716406
-0.716406
-0.716406
-0.716406
-0.716406
-0.723009
-0.723009
-0.723009
-0.723009
-0.723009
-0.723009
-0.723009
-0.723009
-0.723009
-0.723009
-0.723009
-0.723009
-0.723009
-0.723009
-0.723009
-0.723009
-0.723009
-0.723009
-0.723009
-0.723009
-0.729612
-0.729612
-0.729612
-0.729612
-0.729612
-0.729612
-0.729612
-0.729612
-0.729612
-0.729612
-0.729612
-0.729612
-0.729612
-0.729612
-0.729612
-0.729612
-0.729612
-0.729612
-0.729612
-0.729612
-0.736215
-0.736215
-0.736215
-0.736215
-0.736215
-0.736215
-0.736215
-0.736215
-0.736215
-0.736215
-0.736215
-0.736215
-0.736215
-0.736215
-0.736215
-0.736215
-0.736215
-0.736215
-0.736215
-0.736215
-0.742818
-0.742818
-0.742818
-0.742818
-0.742818
-0.742818
-0.742818
-0.742818
-0.742818
-0.742818
-0.742818
-0.742818
-0.742818
-0.742818
-0.742818
-0.742818
-0.742818
-0.742818
-0.742818
-0.742817
-0.749421
-0.749421
-0.749421
-0.749421
-0.749421
-0.749421
-0.749421
-0.749421
-0.749421
-0.749421
-0.749421
-0.749421
-0.749421
-0.749421
-0.749421
-0.749421
-0.749421
-0.749421
-0.749421
-0.749421
-0.756024
-0.756025
-0.756025
-0.756025
-0.756024
-0.756024
-0.756024
-0.756024
-0.756024
-0.756024
-0.756024
-0.756024
-0.756024
-0.756024
-0.756024
-0.756024
-0.756024
-0.756024
-0.756024
-0.756024
-0.762627
-0.762628
-0.762628
-0.762628
-0.762628
-0.762628
-0.762627
-0.762627
-0.762627
-0.762627
-0.762627
-0.762627
-0.762627
-0.762627
-0.762627
-0.762627
-0.762627
-0.762627
-0.762627
-0.762627
-0.76923
-0.769231
-0.769231
-0.769231
-0.769231
-0.769231
-0.769231
-0.76923
-0.76923
-0.76923
-0.76923
-0.76923
-0.76923
-0.76923
-0.76923
-0.76923
-0.76923
-0.76923
-0.76923
-0.76923
-0.775833
-0.775834
-0.775834
-0.775834
-0.775834
-0.775834
-0.775834
-0.775834
-0.775833
-0.775833
-0.775833
-0.775833
-0.775833
-0.775833
-0.775833
-0.775833
-0.775833
-0.775833
-0.775833
-0.775833
-0.782436
-0.782437
-0.782437
-0.782437
-0.782437
-0.782437
-0.782437
-0.782437
-0.782436
-0.782436
-0.782436
-0.782436
-0.782436
-0.782436
-0.782436
-0.782436
-0.782436
-0.782436
-0.782436
-0.782435
-0.789039
-0.78904
-0.78904
-0.78904
-0.78904
-0.78904
-0.78904
-0.78904
-0.789039
-0.789039
-0.789039
-0.789039
-0.789039
-0.789039
-0.789039
-0.789039
-0.789039
-0.789039
-0.789039
-0.789038
-0.795642
-0.795643
-0.795643
-0.795643
-0.795643
-0.795643
-0.795643
-0.795643
-0.795642
-0.795642
-0.795642
-0.795642
-0.795642
-0.795642
-0.795642
-0.795642
-0.795642
-0.795642
-0.795642
-0.795642
-0.802245
-0.802246
-0.802246
-0.802246
-0.802246
-0.802246
-0.802246
-0.802246
-0.802245
-0.802245
-0.802245
-0.802245
-0.802245
-0.802245
-0.802245
-0.802245
-0.802245
-0.802245
-0.802244
-0.802245
-0.808848
-0.808849
-0.808849
-0.808849
-0.808849
-0.808849
-0.808849
-0.808849
-0.808848
-0.808848
-0.808848
-0.808848
-0.808848
-0.808848
-0.808848
-0.808848
-0.808848
-0.808847
-0.808847
-0.808847
-0.815452
-0.815452
-0.815452
-0.815452
-0.815452
-0.815452
-0.815452
-0.815452
-0.815451
-0.815451
-0.815451
-0.815451
-0.815451
-0.815451
-0.815451
-0.815451
-0.81545
-0.81545
-0.81545
-0.81545
-0.822055
-0.822055
-0.822055
-0.822055
-0.822055
-0.822055
-0.822055
-0.822055
-0.822054
-0.822054
-0.822054
-0.822054
-0.822054
-0.822054
-0.822054
-0.822053
-0.822053
-0.822053
-0.822053
-0.822053
-0.828658
-0.828658
-0.828658
-0.828658
-0.828658
-0.828658
-0.828658
-0.828658
-0.828657
-0.828657
-0.828657
-0.828657
-0.828657
-0.828657
-0.828657
-0.828656
-0.828656
-0.828656
-0.828656
-0.828656
-0.835261
-0.835261
-0.835261
-0.835261
-0.835261
-0.835261
-0.835261
-0.835261
-0.83526
-0.83526
-0.83526
-0.83526
-0.83526
-0.83526
-0.835259
-0.835259
-0.835259
-0.835259
-0.835259
-0.835259
-0.841865
-0.841864
-0.841864
-0.841864
-0.841864
-0.841864
-0.841864
-0.841864
-0.841863
-0.841863
-0.841863
-0.841863
-0.841863
-0.841862
-0.841862
-0.841862
-0.841862
-0.841862
-0.841862
-0.841862
-0.848468
-0.848468
-0.848468
-0.848467
-0.848467
-0.848467
-0.848467
-0.848467
-0.848466
-0.848466
-0.848466
-0.848466
-0.848465
-0.848465
-0.848465
-0.848465
-0.848465
-0.848465
-0.848464
-0.848465
-0.855071
-0.855071
-0.855071
-0.855071
-0.855071
-0.85507
-0.85507
-0.85507
-0.855069
-0.855069
-0.855069
-0.855069
-0.855068
-0.855068
-0.855068
-0.855068
-0.855068
-0.855067
-0.855067
-0.855067
-0.861674
-0.861674
-0.861674
-0.861674
-0.861674
-0.861674
-0.861673
-0.861673
-0.861673
-0.861672
-0.861672
-0.861672
-0.861671
-0.861671
-0.861671
-0.861671
-0.86167
-0.86167
-0.86167
-0.86167
-0.868278
-0.868278
-0.868278
-0.868278
-0.868277
-0.868277
-0.868277
-0.868276
-0.868276
-0.868275
-0.868275
-0.868274
-0.868274
-0.868274
-0.868274
-0.868273
-0.868273
-0.868273
-0.868273
-0.868272
-0.874881
-0.874881
-0.874881
-0.874881
-0.874881
-0.87488
-0.87488
-0.874879
-0.874879
-0.874878
-0.874878
-0.874877
-0.874877
-0.874877
-0.874876
-0.874876
-0.874876
-0.874875
-0.874875
-0.874875
-0.881484
-0.881485
-0.881485
-0.881485
-0.881484
-0.881484
-0.881483
-0.881483
-0.881482
-0.881481
-0.881481
-0.88148
-0.88148
-0.881479
-0.881479
-0.881479
-0.881478
-0.881478
-0.881478
-0.881477
-0.888088
-0.888088
-0.888089
-0.888088
-0.888088
-0.888087
-0.888087
-0.888086
-0.888085
-0.888084
-0.888083
-0.888083
-0.888082
-0.888082
-0.888082
-0.888081
-0.888081
-0.88808
-0.88808
-0.88808
-0.894691
-0.894692
-0.894692
-0.894692
-0.894692
-0.894691
-0.89469
-0.894689
-0.894688
-0.894687
-0.894686
-0.894685
-0.894685
-0.894685
-0.894684
-0.894684
-0.894683
-0.894683
-0.894682
-0.894681
-0.901295
-0.901296
-0.901296
-0.901296
-0.901296
-0.901295
-0.901293
-0.901292
-0.901291
-0.90129
-0.901289
-0.901288
-0.901287
-0.901287
-0.901287
-0.901286
-0.901286
-0.901285
-0.901284
-0.901283
-0.907899
-0.9079
-0.9079
-0.9079
-0.907899
-0.907898
-0.907897
-0.907895
-0.907893
-0.907892
-0.907891
-0.90789
-0.90789
-0.907889
-0.907889
-0.907889
-0.907888
-0.907887
-0.907886
-0.907885
-0.914503
-0.914504
-0.914504
-0.914504
-0.914503
-0.914502
-0.9145
-0.914498
-0.914496
-0.914494
-0.914493
-0.914492
-0.914491
-0.914491
-0.914491
-0.914491
-0.91449
-0.914489
-0.914488
-0.914486
-0.921107
-0.921108
-0.921109
-0.921109
-0.921108
-0.921106
-0.921103
-0.9211
-0.921098
-0.921096
-0.921094
-0.921093
-0.921093
-0.921093
-0.921093
-0.921093
-0.921092
-0.921091
-0.921089
-0.921088
-0.927711
-0.927712
-0.927713
-0.927713
-0.927712
-0.927709
-0.927706
-0.927703
-0.927699
-0.927697
-0.927695
-0.927694
-0.927694
-0.927694
-0.927694
-0.927694
-0.927693
-0.927692
-0.92769
-0.927688
-0.934315
-0.934317
-0.934318
-0.934318
-0.934316
-0.934313
-0.934309
-0.934304
-0.9343
-0.934297
-0.934295
-0.934294
-0.934294
-0.934295
-0.934296
-0.934296
-0.934295
-0.934293
-0.93429
-0.934288
-0.940918
-0.940921
-0.940922
-0.940922
-0.94092
-0.940916
-0.940911
-0.940905
-0.9409
-0.940896
-0.940893
-0.940893
-0.940893
-0.940895
-0.940896
-0.940897
-0.940896
-0.940893
-0.94089
-0.940887
-0.947521
-0.947525
-0.947527
-0.947527
-0.947525
-0.94752
-0.947513
-0.947505
-0.947498
-0.947493
-0.94749
-0.94749
-0.947491
-0.947494
-0.947496
-0.947497
-0.947496
-0.947493
-0.947489
-0.947484
-0.954123
-0.954128
-0.954132
-0.954132
-0.954129
-0.954123
-0.954114
-0.954104
-0.954095
-0.954088
-0.954085
-0.954085
-0.954088
-0.954091
-0.954095
-0.954097
-0.954096
-0.954092
-0.954087
-0.954081
-0.960725
-0.960731
-0.960736
-0.960737
-0.960734
-0.960725
-0.960713
-0.9607
-0.960688
-0.96068
-0.960676
-0.960677
-0.960681
-0.960687
-0.960693
-0.960696
-0.960695
-0.960691
-0.960684
-0.960676
-0.967325
-0.967334
-0.967341
-0.967343
-0.967338
-0.967327
-0.967311
-0.967293
-0.967278
-0.967268
-0.967263
-0.967265
-0.967271
-0.967281
-0.967289
-0.967294
-0.967294
-0.967288
-0.967278
-0.967267
-0.973923
-0.973935
-0.973945
-0.973948
-0.973942
-0.973927
-0.973906
-0.973883
-0.973863
-0.973849
-0.973844
-0.973847
-0.973857
-0.973871
-0.973883
-0.973891
-0.973891
-0.973883
-0.97387
-0.973856
-0.980517
-0.980535
-0.980548
-0.980553
-0.980545
-0.980525
-0.980497
-0.980466
-0.98044
-0.980422
-0.980416
-0.980421
-0.980436
-0.980456
-0.980474
-0.980486
-0.980486
-0.980476
-0.980459
-0.980439
-0.987107
-0.987131
-0.98715
-0.987157
-0.987147
-0.987121
-0.987082
-0.987042
-0.987006
-0.986984
-0.986976
-0.986985
-0.987007
-0.987035
-0.987061
-0.987078
-0.98708
-0.987066
-0.987042
-0.987016
-0.993691
-0.993724
-0.993751
-0.993761
-0.993748
-0.993712
-0.993661
-0.993606
-0.993559
-0.993529
-0.993521
-0.993534
-0.993565
-0.993605
-0.993643
-0.993667
-0.99367
-0.993652
-0.99362
-0.993583
-1.00027
-1.00031
-1.00035
-1.00036
-1.00035
-1.0003
-1.00023
-1.00016
-1.00009
-1.00005
-1.00004
-1.00006
-1.00011
-1.00016
-1.00022
-1.00025
-1.00026
-1.00023
-1.00019
-1.00014
-1.00683
-1.00689
-1.00694
-1.00697
-1.00694
-1.00688
-1.00678
-1.00668
-1.0066
-1.00655
-1.00654
-1.00657
-1.00663
-1.00671
-1.00678
-1.00683
-1.00684
-1.00681
-1.00675
-1.00668
-1.01337
-1.01346
-1.01354
-1.01356
-1.01353
-1.01344
-1.01332
-1.01318
-1.01307
-1.013
-1.01299
-1.01303
-1.01312
-1.01323
-1.01333
-1.0134
-1.01341
-1.01337
-1.01329
-1.0132
-1.0199
-1.02002
-1.02012
-1.02016
-1.02011
-1.01999
-1.01982
-1.01965
-1.0195
-1.01941
-1.01939
-1.01945
-1.01957
-1.01972
-1.01986
-1.01996
-1.01998
-1.01993
-1.01982
-1.01969
-1.02639
-1.02656
-1.0267
-1.02675
-1.02669
-1.02653
-1.0263
-1.02605
-1.02586
-1.02574
-1.02572
-1.0258
-1.02596
-1.02617
-1.02637
-1.0265
-1.02654
-1.02647
-1.02632
-1.02614
-1.03284
-1.03308
-1.03327
-1.03333
-1.03325
-1.03303
-1.03272
-1.03239
-1.03213
-1.03197
-1.03195
-1.03206
-1.03229
-1.03257
-1.03284
-1.03303
-1.03309
-1.033
-1.0328
-1.03255
-1.03924
-1.03957
-1.03982
-1.03991
-1.03979
-1.03949
-1.03907
-1.03864
-1.03828
-1.03808
-1.03805
-1.03821
-1.03851
-1.0389
-1.03927
-1.03954
-1.03963
-1.03951
-1.03924
-1.0389
-1.04557
-1.04603
-1.04637
-1.04648
-1.04632
-1.0459
-1.04534
-1.04476
-1.04429
-1.04401
-1.04398
-1.04419
-1.04461
-1.04513
-1.04564
-1.04601
-1.04614
-1.046
-1.04564
-1.04517
-1.05181
-1.05244
-1.0529
-1.05304
-1.0528
-1.05224
-1.05148
-1.05071
-1.05008
-1.04972
-1.04969
-1.04997
-1.05053
-1.05124
-1.05194
-1.05245
-1.05265
-1.05247
-1.05199
-1.05135
-1.05795
-1.05881
-1.05942
-1.05959
-1.05925
-1.05848
-1.05746
-1.05643
-1.0556
-1.05513
-1.05509
-1.05547
-1.05622
-1.05717
-1.05812
-1.05884
-1.05913
-1.05892
-1.05828
-1.05741
-1.06396
-1.06512
-1.06594
-1.06613
-1.06564
-1.06458
-1.06322
-1.06185
-1.06076
-1.06015
-1.06009
-1.06061
-1.0616
-1.06288
-1.06417
-1.06516
-1.06559
-1.06535
-1.0645
-1.06333
-1.06981
-1.07139
-1.07246
-1.07267
-1.07196
-1.07051
-1.06868
-1.06687
-1.06543
-1.06464
-1.06458
-1.06526
-1.06658
-1.06829
-1.07003
-1.0714
-1.07204
-1.07178
-1.07067
-1.06908
-1.0755
-1.07763
-1.07903
-1.07922
-1.07819
-1.07621
-1.07376
-1.07136
-1.06948
-1.06845
-1.06838
-1.06928
-1.07102
-1.0733
-1.07564
-1.07753
-1.07849
-1.07823
-1.07679
-1.07465
-1.08102
-1.08388
-1.08568
-1.08581
-1.08431
-1.0816
-1.07832
-1.07516
-1.07272
-1.07139
-1.07131
-1.07248
-1.07477
-1.07778
-1.08093
-1.08354
-1.08495
-1.08475
-1.08291
-1.08002
-1.08636
-1.09023
-1.09251
-1.09248
-1.0903
-1.08658
-1.08221
-1.07807
-1.07491
-1.07321
-1.07311
-1.07462
-1.07761
-1.08158
-1.08581
-1.08939
-1.09148
-1.09144
-1.0891
-1.08521
-1.09159
-1.09683
-1.09968
-1.09932
-1.09614
-1.09106
-1.08524
-1.07984
-1.07576
-1.0736
-1.07349
-1.07542
-1.07929
-1.0845
-1.09015
-1.09509
-1.09815
-1.09843
-1.09552
-1.09025
-1.09683
-1.10397
-1.10745
-1.10648
-1.10185
-1.09488
-1.08716
-1.08014
-1.07493
-1.07221
-1.07208
-1.07453
-1.07949
-1.08629
-1.09381
-1.10061
-1.10512
-1.10599
-1.10245
-1.09528
-1.10245
-1.11213
-1.11625
-1.11422
-1.10746
-1.09789
-1.08766
-1.0786
-1.07199
-1.06861
-1.06845
-1.07152
-1.07783
-1.08662
-1.09663
-1.10601
-1.11263
-1.11456
-1.11037
-1.10066
-1.10921
-1.12215
-1.12679
-1.12297
-1.11306
-1.09989
-1.08634
-1.07473
-1.06647
-1.06233
-1.06214
-1.0659
-1.07381
-1.08511
-1.0984
-1.11136
-1.12112
-1.12483
-1.12012
-1.10715
-1.11872
-1.13544
-1.14025
-1.13345
-1.11885
-1.10061
-1.08268
-1.06794
-1.05781
-1.05285
-1.05261
-1.05711
-1.06682
-1.08119
-1.09883
-1.11685
-1.13128
-1.13798
-1.13311
-1.11635
-1.13376
-1.15435
-1.15849
-1.14679
-1.12516
-1.09964
-1.07587
-1.05745
-1.04539
-1.03964
-1.03934
-1.04453
-1.05607
-1.07406
-1.0975
-1.12278
-1.14425
-1.15586
-1.15167
-1.13106
-1.1587
-1.18267
-1.18445
-1.16481
-1.13252
-1.09627
-1.06457
-1.04211
-1.02861
-1.0222
-1.02183
-1.02753
-1.0404
-1.06235
-1.09367
-1.12968
-1.16184
-1.18143
-1.17963
-1.15565
-1.20032
-1.22653
-1.22259
-1.19031
-1.1419
-1.08917
-1.0463
-1.02018
-1.007
-1.00024
-0.999769
-1.00561
-1.01802
-1.04352
-1.08599
-1.13849
-1.18683
-1.21912
-1.2231
-1.19692
-1.26973
-1.2953
-1.27947
-1.22754
-1.15524
-1.07592
-1.01592
-0.988709
-0.9808
-0.974178
-0.973564
-0.979001
-0.985912
-1.01239
-1.07197
-1.15114
-1.22348
-1.27553
-1.29148
-1.266
-1.38415
-1.40295
-1.36692
-1.28298
-1.17752
-1.05255
-0.963059
-0.943024
-0.954346
-0.946416
-0.945613
-0.951941
-0.939332
-0.958482
-1.04754
-1.17252
-1.27825
-1.3625
-1.3988
-1.38016
-1.56149
-1.57711
-1.511
-1.35993
-1.22344
-1.01556
-0.873477
-0.905142
-0.976616
-0.951437
-0.950379
-0.97332
-0.900136
-0.867391
-1.00908
-1.21731
-1.35446
-1.50614
-1.57276
-1.55739
-1.81281
-1.87532
-1.70886
-1.39915
-1.32153
-1.09141
-0.936163
-1.59989
-2.1315
-2.24638
-2.24491
-2.12664
-1.59281
-0.927838
-1.08268
-1.31395
-1.39296
-1.70368
-1.87104
-1.80882
-2.07558
-2.36233
-1.62219
-0.832604
-1.86481
-5.02616
-8.88242
-11.5497
-10.3677
-8.8931
-8.88919
-10.3593
-11.5412
-8.87223
-5.0138
-1.85569
-0.826114
-1.61718
-2.35863
-2.072
-2.06111
-2.21809
0.647837
-3.42929
-12.0344
-12.7501
-5.35099
-0.551189
1.22193
1.64537
1.64528
1.22156
-0.548416
-5.34541
-12.7453
-12.0298
-3.42321
0.651951
-2.21543
-2.05822
-3.38893
1.4785
-8.64219
-12.2641
-4.84635
-0.102817
0.0177805
0.15708
0.0692116
0.0164058
0.0163065
0.0686826
0.156448
0.0178838
-0.0997142
-4.8428
-12.2632
-8.63731
1.4816
-3.38727
0.452317
-7.84046
-7.84872
-0.108941
-0.884604
-0.216588
-0.00758264
-0.0053355
0.0112127
0.0168074
0.0167547
0.0112319
-0.00526226
-0.00665431
-0.214981
-0.884397
-0.100189
-7.84507
-7.83769
0.45405
-7.1485
-0.557048
-1.17219
-0.490307
0.0516376
0.00458146
0.0336571
0.015008
0.0170827
0.0182133
0.0181248
0.0177427
0.0164672
0.0356183
0.00679573
0.0549319
-0.487178
-1.1672
-0.536746
-7.1484
-2.40012
0.0475804
-0.00235241
0.0621043
0.12446
0.107071
0.0875976
0.0447438
0.00163905
0.0139011
0.0122994
0.00541865
0.0431045
0.0891567
0.111179
0.130217
0.0692379
0.00658297
0.0570271
-2.388
0.215883
-0.0549903
0.231809
-0.250159
-0.0434244
0.0513298
0.0290172
0.0481567
0.00355889
0.0137831
0.013505
0.00280026
0.0443905
0.0296021
0.0523669
-0.0319058
-0.240593
0.23529
-0.048508
0.22572
0.225743
0.117894
0.189602
-0.0283436
0.0233099
0.0771523
0.0711059
0.03422
0.019121
0.0203317
0.0218673
0.0136502
0.0327215
0.0811899
0.07248
0.0347194
-0.019095
0.195353
0.121083
0.233108
0.195249
0.124701
0.189058
0.102187
0.0778606
0.0505554
0.102256
0.036841
0.0272716
0.0266957
0.0274561
0.0215092
0.0298993
0.0940656
0.0651869
0.0946335
0.116974
0.184008
0.129736
0.202152
0.198898
0.116478
0.125248
0.107583
0.0802101
0.115823
0.0844313
0.0455029
0.0338313
0.0329758
0.0328058
0.0310172
0.0403052
0.0827734
0.103686
0.0854366
0.108061
0.129823
0.116915
0.200287
0.182005
0.101461
0.10955
0.134463
0.0827124
0.0668584
0.057479
0.0423099
0.0381775
0.037249
0.0369693
0.0370139
0.041122
0.0569053
0.0663812
0.106092
0.155504
0.11265
0.103932
0.178296
0.0999834
0.0744751
0.0730153
0.0600753
0.0564205
0.0518463
0.0468251
0.0425717
0.0408356
0.0401059
0.0398697
0.0401006
0.041718
0.0460228
0.0513469
0.0521742
0.0615601
0.077969
0.0779193
0.100762
0.0654864
0.0590355
0.0656189
0.0554325
0.0485033
0.0464752
0.04532
0.0437469
0.0426556
0.0420913
0.0419132
0.042102
0.0428764
0.0439587
0.044503
0.04626
0.056689
0.0685351
0.0616693
0.0671799
0.0628741
0.056963
0.0570528
0.0523732
0.0484244
0.0466314
0.0456827
0.0446992
0.043947
0.0435183
0.0433894
0.0435502
0.0440587
0.0448101
0.0456591
0.0476292
0.0532205
0.0588344
0.0587408
0.0643977
0.0576024
0.0548617
0.0530746
0.0504572
0.0483292
0.0470125
0.0461294
0.0453823
0.0448311
0.0445185
0.0444337
0.0445763
0.0449871
0.0456511
0.0465532
0.0480628
0.0510667
0.0542414
0.0561682
0.0588639
0.052368
0.0516234
0.050928
0.0494545
0.0481027
0.0471215
0.0463922
0.0458083
0.0453911
0.045161
0.0451097
0.0452408
0.0455856
0.046148
0.0469335
0.0480993
0.0499305
0.051755
0.0525906
0.0533527
0.0494298
0.0494168
0.0492838
0.0485463
0.047715
0.0470161
0.0464585
0.0460173
0.0457065
0.0455394
0.0455115
0.0456271
0.0459073
0.0463579
0.0469836
0.0478333
0.0489388
0.0498985
0.0501472
0.0501977
0.0477591
0.0479936
0.0480718
0.0477287
0.0472442
0.0467797
0.0463832
0.0460654
0.0458418
0.0457242
0.0457118
0.0458084
0.0460269
0.0463689
0.0468302
0.0474087
0.048061
0.0485496
0.0485614
0.0483668
0.0467683
0.0470459
0.0471936
0.0470524
0.0467822
0.0464898
0.0462232
0.0460043
0.0458496
0.0457702
0.0457676
0.0458446
0.0460084
0.0462571
0.0465801
0.0469577
0.0473381
0.047579
0.0475001
0.0472585
0.0461502
0.0463932
0.0465466
0.0465062
0.046364
0.0461886
0.0460179
0.0458735
0.0457708
0.0457198
0.045723
0.0457824
0.0459015
0.0460763
0.0462948
0.046535
0.0467542
0.046866
0.0467658
0.0465537
0.0457342
0.0459237
0.0460567
0.0460631
0.045995
0.0458954
0.0457912
0.0457004
0.0456355
0.0456049
0.0456114
0.0456563
0.045741
0.0458609
0.0460054
0.0461555
0.0462803
0.0463269
0.0462358
0.0460724
0.0454263
0.0455657
0.0456713
0.045696
0.0456689
0.0456163
0.0455565
0.0455025
0.0454642
0.0454478
0.045456
0.0454899
0.0455494
0.0456306
0.0457247
0.0458176
0.0458878
0.0459037
0.0458314
0.045714
0.0451749
0.0452738
0.0453535
0.0453824
0.0453766
0.0453519
0.0453203
0.0452908
0.0452703
0.0452637
0.0452729
0.0452986
0.0453404
0.0453952
0.0454562
0.0455135
0.045553
0.0455557
0.0455027
0.0454223
0.0449517
0.0450201
0.0450782
0.0451049
0.0451092
0.0451003
0.0450858
0.0450718
0.045063
0.0450627
0.0450723
0.0450923
0.0451221
0.0451593
0.0451991
0.0452348
0.0452574
0.0452555
0.045219
0.0451659
0.0447413
0.0447877
0.0448289
0.0448513
0.0448594
0.0448589
0.0448543
0.0448498
0.0448482
0.0448517
0.0448614
0.0448773
0.044899
0.0449248
0.0449513
0.0449741
0.0449876
0.0449851
0.0449613
0.0449276
0.0445357
0.0445666
0.0445954
0.044613
0.044622
0.0446255
0.0446264
0.0446271
0.0446296
0.0446353
0.0446446
0.0446576
0.044674
0.0446923
0.0447106
0.0447258
0.0447345
0.044733
0.0447185
0.0446981
0.0443308
0.0443512
0.044371
0.0443845
0.044393
0.0443981
0.0444017
0.0444052
0.0444098
0.0444163
0.044425
0.0444359
0.0444485
0.0444621
0.0444752
0.0444859
0.0444922
0.044492
0.0444841
0.0444725
0.0441247
0.0441381
0.0441517
0.044162
0.0441694
0.044175
0.0441796
0.0441844
0.0441898
0.0441964
0.0442044
0.0442135
0.0442236
0.044234
0.0442438
0.0442518
0.0442569
0.0442578
0.0442543
0.0442484
0.0439168
0.0439256
0.043935
0.0439428
0.0439491
0.0439545
0.0439595
0.0439646
0.0439702
0.0439765
0.0439836
0.0439913
0.0439995
0.0440077
0.0440153
0.0440217
0.044026
0.0440278
0.044027
0.0440246
0.0437066
0.0437125
0.0437192
0.0437252
0.0437306
0.0437355
0.0437404
0.0437454
0.0437507
0.0437565
0.0437628
0.0437694
0.0437761
0.0437827
0.0437889
0.0437941
0.0437979
0.0438002
0.043801
0.0438007
0.0434943
0.0434984
0.0435032
0.0435079
0.0435125
0.043517
0.0435215
0.0435263
0.0435312
0.0435364
0.0435419
0.0435475
0.0435531
0.0435586
0.0435637
0.043568
0.0435715
0.0435739
0.0435755
0.0435763
0.0432799
0.0432827
0.0432863
0.0432901
0.0432941
0.0432981
0.0433023
0.0433066
0.0433112
0.0433158
0.0433206
0.0433255
0.0433302
0.0433348
0.0433391
0.0433428
0.0433458
0.0433483
0.0433502
0.0433515
0.0430634
0.0430655
0.0430683
0.0430714
0.0430748
0.0430785
0.0430822
0.0430862
0.0430903
0.0430945
0.0430987
0.0431029
0.043107
0.0431109
0.0431145
0.0431177
0.0431204
0.0431227
0.0431247
0.0431261
0.042845
0.0428467
0.0428489
0.0428515
0.0428545
0.0428577
0.0428611
0.0428647
0.0428684
0.0428721
0.0428759
0.0428796
0.0428831
0.0428865
0.0428896
0.0428924
0.0428948
0.0428969
0.0428987
0.0429001
0.042625
0.0426264
0.0426281
0.0426304
0.042633
0.0426358
0.0426389
0.0426421
0.0426454
0.0426488
0.0426521
0.0426554
0.0426585
0.0426615
0.0426642
0.0426667
0.0426688
0.0426706
0.0426723
0.0426735
0.0424036
0.0424047
0.0424061
0.0424081
0.0424103
0.0424128
0.0424156
0.0424185
0.0424214
0.0424245
0.0424274
0.0424304
0.0424332
0.0424358
0.0424382
0.0424403
0.0424422
0.0424438
0.0424453
0.0424463
0.0421809
0.0421818
0.042183
0.0421847
0.0421866
0.0421889
0.0421913
0.0421939
0.0421966
0.0421993
0.0422019
0.0422046
0.042207
0.0422094
0.0422115
0.0422135
0.0422151
0.0422165
0.0422178
0.0422187
0.0419572
0.0419579
0.041959
0.0419604
0.0419621
0.0419641
0.0419662
0.0419685
0.0419709
0.0419733
0.0419757
0.0419781
0.0419803
0.0419824
0.0419843
0.041986
0.0419875
0.0419888
0.0419899
0.0419906
0.0417326
0.0417333
0.0417342
0.0417354
0.0417369
0.0417386
0.0417405
0.0417425
0.0417447
0.0417468
0.041749
0.0417511
0.0417531
0.041755
0.0417567
0.0417582
0.0417595
0.0417606
0.0417616
0.0417622
0.0415075
0.041508
0.0415088
0.0415098
0.0415111
0.0415126
0.0415143
0.0415161
0.0415179
0.0415199
0.0415218
0.0415236
0.0415254
0.0415271
0.0415287
0.04153
0.0415312
0.0415322
0.041533
0.0415336
0.0412818
0.0412822
0.0412829
0.0412838
0.0412849
0.0412862
0.0412877
0.0412892
0.0412909
0.0412926
0.0412943
0.0412959
0.0412975
0.0412991
0.0413004
0.0413017
0.0413027
0.0413036
0.0413043
0.0413048
0.0410556
0.041056
0.0410566
0.0410574
0.0410584
0.0410595
0.0410608
0.0410621
0.0410636
0.0410651
0.0410666
0.041068
0.0410695
0.0410708
0.041072
0.0410731
0.0410741
0.0410748
0.0410755
0.0410759
0.0408292
0.0408295
0.04083
0.0408307
0.0408315
0.0408325
0.0408336
0.0408348
0.0408361
0.0408374
0.0408387
0.04084
0.0408413
0.0408425
0.0408436
0.0408445
0.0408454
0.0408461
0.0408466
0.0408469
0.0406025
0.0406028
0.0406032
0.0406038
0.0406045
0.0406054
0.0406063
0.0406074
0.0406085
0.0406096
0.0406108
0.0406119
0.040613
0.0406141
0.0406151
0.0406159
0.0406167
0.0406173
0.0406177
0.040618
0.0403756
0.0403759
0.0403762
0.0403767
0.0403774
0.0403781
0.0403789
0.0403798
0.0403808
0.0403818
0.0403828
0.0403838
0.0403848
0.0403857
0.0403865
0.0403873
0.040388
0.0403885
0.0403889
0.0403892
0.0401486
0.0401488
0.0401491
0.0401495
0.0401501
0.0401507
0.0401514
0.0401522
0.0401531
0.0401539
0.0401548
0.0401557
0.0401565
0.0401573
0.0401581
0.0401588
0.0401593
0.0401598
0.0401602
0.0401604
0.0399214
0.0399216
0.0399219
0.0399222
0.0399227
0.0399233
0.0399239
0.0399246
0.0399253
0.039926
0.0399268
0.0399276
0.0399283
0.039929
0.0399297
0.0399303
0.0399308
0.0399312
0.0399315
0.0399317
0.0396942
0.0396943
0.0396946
0.0396949
0.0396953
0.0396957
0.0396963
0.0396969
0.0396975
0.0396982
0.0396988
0.0396995
0.0397001
0.0397008
0.0397013
0.0397018
0.0397023
0.0397026
0.0397029
0.0397031
0.0394668
0.039467
0.0394672
0.0394674
0.0394678
0.0394682
0.0394687
0.0394692
0.0394697
0.0394703
0.0394709
0.0394714
0.039472
0.0394726
0.039473
0.0394735
0.0394739
0.0394742
0.0394745
0.0394746
0.0392395
0.0392396
0.0392397
0.03924
0.0392403
0.0392406
0.039241
0.0392415
0.0392419
0.0392424
0.0392429
0.0392434
0.0392439
0.0392444
0.0392448
0.0392452
0.0392456
0.0392458
0.0392461
0.0392462
0.0390121
0.0390121
0.0390123
0.0390125
0.0390127
0.039013
0.0390134
0.0390138
0.0390142
0.0390146
0.039015
0.0390155
0.0390159
0.0390163
0.0390167
0.039017
0.0390173
0.0390176
0.0390178
0.0390179
0.0387846
0.0387847
0.0387848
0.038785
0.0387852
0.0387855
0.0387858
0.0387861
0.0387864
0.0387868
0.0387872
0.0387876
0.038788
0.0387883
0.0387886
0.0387889
0.0387892
0.0387894
0.0387896
0.0387897
0.0385572
0.0385572
0.0385573
0.0385575
0.0385577
0.0385579
0.0385582
0.0385584
0.0385587
0.0385591
0.0385594
0.0385597
0.03856
0.0385604
0.0385606
0.0385609
0.0385611
0.0385613
0.0385615
0.0385616
0.0383297
0.0383298
0.0383298
0.03833
0.0383301
0.0383303
0.0383306
0.0383308
0.0383311
0.0383313
0.0383316
0.0383319
0.0383322
0.0383325
0.0383327
0.0383329
0.0383331
0.0383333
0.0383334
0.0383335
0.0381022
0.0381023
0.0381024
0.0381025
0.0381026
0.0381028
0.038103
0.0381032
0.0381034
0.0381037
0.0381039
0.0381041
0.0381044
0.0381046
0.0381048
0.038105
0.0381052
0.0381054
0.0381055
0.0381055
0.0378748
0.0378748
0.0378749
0.037875
0.0378751
0.0378752
0.0378754
0.0378756
0.0378758
0.037876
0.0378762
0.0378764
0.0378766
0.0378768
0.037877
0.0378772
0.0378774
0.0378775
0.0378776
0.0378776
0.0376474
0.0376474
0.0376474
0.0376475
0.0376476
0.0376477
0.0376479
0.037648
0.0376482
0.0376484
0.0376486
0.0376488
0.0376489
0.0376491
0.0376493
0.0376494
0.0376496
0.0376497
0.0376497
0.0376498
0.0374199
0.0374199
0.03742
0.03742
0.0374201
0.0374202
0.0374204
0.0374205
0.0374206
0.0374208
0.037421
0.0374211
0.0374213
0.0374214
0.0374216
0.0374217
0.0374218
0.0374219
0.037422
0.037422
0.0371925
0.0371925
0.0371925
0.0371926
0.0371927
0.0371927
0.0371929
0.037193
0.0371931
0.0371932
0.0371934
0.0371935
0.0371936
0.0371938
0.0371939
0.037194
0.0371941
0.0371942
0.0371943
0.0371943
0.036965
0.036965
0.0369651
0.0369651
0.0369652
0.0369653
0.0369654
0.0369655
0.0369656
0.0369657
0.0369658
0.0369659
0.0369661
0.0369662
0.0369663
0.0369664
0.0369665
0.0369665
0.0369666
0.0369666
0.0367376
0.0367376
0.0367377
0.0367377
0.0367378
0.0367378
0.0367379
0.036738
0.0367381
0.0367382
0.0367383
0.0367384
0.0367385
0.0367386
0.0367387
0.0367388
0.0367388
0.0367389
0.0367389
0.036739
0.0365102
0.0365102
0.0365102
0.0365103
0.0365103
0.0365104
0.0365104
0.0365105
0.0365106
0.0365107
0.0365108
0.0365109
0.036511
0.036511
0.0365111
0.0365112
0.0365113
0.0365113
0.0365113
0.0365114
0.0362828
0.0362828
0.0362828
0.0362828
0.0362829
0.0362829
0.036283
0.0362831
0.0362831
0.0362832
0.0362833
0.0362834
0.0362834
0.0362835
0.0362836
0.0362836
0.0362837
0.0362837
0.0362838
0.0362838
0.0360554
0.0360554
0.0360554
0.0360554
0.0360555
0.0360555
0.0360555
0.0360556
0.0360557
0.0360557
0.0360558
0.0360559
0.0360559
0.036056
0.0360561
0.0360561
0.0360562
0.0360562
0.0360562
0.0360562
0.0358279
0.0358279
0.035828
0.035828
0.035828
0.0358281
0.0358281
0.0358282
0.0358282
0.0358283
0.0358283
0.0358284
0.0358284
0.0358285
0.0358285
0.0358286
0.0358286
0.0358287
0.0358287
0.0358287
0.0356005
0.0356005
0.0356005
0.0356006
0.0356006
0.0356006
0.0356007
0.0356007
0.0356008
0.0356008
0.0356009
0.0356009
0.035601
0.035601
0.0356011
0.0356011
0.0356011
0.0356012
0.0356012
0.0356012
0.0353731
0.0353731
0.0353731
0.0353731
0.0353732
0.0353732
0.0353732
0.0353733
0.0353733
0.0353733
0.0353734
0.0353734
0.0353735
0.0353735
0.0353736
0.0353736
0.0353736
0.0353737
0.0353737
0.0353737
0.0351457
0.0351457
0.0351457
0.0351457
0.0351457
0.0351458
0.0351458
0.0351458
0.0351459
0.0351459
0.0351459
0.035146
0.035146
0.0351461
0.0351461
0.0351461
0.0351461
0.0351462
0.0351462
0.0351462
0.0349182
0.0349182
0.0349183
0.0349183
0.0349183
0.0349183
0.0349183
0.0349184
0.0349184
0.0349184
0.0349185
0.0349185
0.0349185
0.0349186
0.0349186
0.0349186
0.0349187
0.0349187
0.0349187
0.0349187
0.0346908
0.0346908
0.0346908
0.0346908
0.0346909
0.0346909
0.0346909
0.0346909
0.034691
0.034691
0.034691
0.0346911
0.0346911
0.0346911
0.0346911
0.0346912
0.0346912
0.0346912
0.0346912
0.0346912
0.0344634
0.0344634
0.0344634
0.0344634
0.0344634
0.0344634
0.0344635
0.0344635
0.0344635
0.0344635
0.0344636
0.0344636
0.0344636
0.0344636
0.0344637
0.0344637
0.0344637
0.0344637
0.0344637
0.0344637
0.0342359
0.0342359
0.0342359
0.034236
0.034236
0.034236
0.034236
0.034236
0.034236
0.0342361
0.0342361
0.0342361
0.0342361
0.0342362
0.0342362
0.0342362
0.0342362
0.0342362
0.0342362
0.0342362
0.0340085
0.0340085
0.0340085
0.0340085
0.0340085
0.0340085
0.0340085
0.0340086
0.0340086
0.0340086
0.0340086
0.0340087
0.0340087
0.0340087
0.0340087
0.0340087
0.0340087
0.0340088
0.0340088
0.0340088
0.033781
0.033781
0.0337811
0.0337811
0.0337811
0.0337811
0.0337811
0.0337811
0.0337811
0.0337811
0.0337812
0.0337812
0.0337812
0.0337812
0.0337812
0.0337813
0.0337813
0.0337813
0.0337813
0.0337813
0.0335536
0.0335536
0.0335536
0.0335536
0.0335536
0.0335536
0.0335536
0.0335537
0.0335537
0.0335537
0.0335537
0.0335537
0.0335537
0.0335537
0.0335538
0.0335538
0.0335538
0.0335538
0.0335538
0.0335538
0.0333261
0.0333261
0.0333261
0.0333261
0.0333262
0.0333262
0.0333262
0.0333262
0.0333262
0.0333262
0.0333262
0.0333262
0.0333263
0.0333263
0.0333263
0.0333263
0.0333263
0.0333263
0.0333263
0.0333263
0.0330987
0.0330987
0.0330987
0.0330987
0.0330987
0.0330987
0.0330987
0.0330987
0.0330987
0.0330987
0.0330988
0.0330988
0.0330988
0.0330988
0.0330988
0.0330988
0.0330988
0.0330988
0.0330988
0.0330988
0.0328712
0.0328712
0.0328712
0.0328712
0.0328712
0.0328712
0.0328712
0.0328713
0.0328713
0.0328713
0.0328713
0.0328713
0.0328713
0.0328713
0.0328713
0.0328713
0.0328713
0.0328713
0.0328713
0.0328713
0.0326438
0.0326438
0.0326438
0.0326438
0.0326438
0.0326438
0.0326438
0.0326438
0.0326438
0.0326438
0.0326438
0.0326438
0.0326438
0.0326438
0.0326438
0.0326438
0.0326439
0.0326439
0.0326439
0.0326439
0.0324163
0.0324163
0.0324163
0.0324163
0.0324163
0.0324163
0.0324163
0.0324163
0.0324163
0.0324163
0.0324163
0.0324163
0.0324164
0.0324164
0.0324164
0.0324164
0.0324164
0.0324164
0.0324164
0.0324164
0.0321888
0.0321888
0.0321888
0.0321888
0.0321888
0.0321888
0.0321888
0.0321888
0.0321889
0.0321889
0.0321889
0.0321889
0.0321889
0.0321889
0.0321889
0.0321889
0.0321889
0.0321889
0.0321889
0.0321889
0.0319614
0.0319614
0.0319614
0.0319614
0.0319614
0.0319614
0.0319614
0.0319614
0.0319614
0.0319614
0.0319614
0.0319614
0.0319614
0.0319614
0.0319614
0.0319614
0.0319614
0.0319614
0.0319614
0.0319614
0.0317339
0.0317339
0.0317339
0.0317339
0.0317339
0.0317339
0.0317339
0.0317339
0.0317339
0.0317339
0.0317339
0.0317339
0.0317339
0.0317339
0.0317339
0.0317339
0.0317339
0.0317339
0.0317339
0.0317339
0.0315064
0.0315064
0.0315064
0.0315064
0.0315064
0.0315064
0.0315064
0.0315064
0.0315064
0.0315064
0.0315064
0.0315064
0.0315064
0.0315064
0.0315065
0.0315065
0.0315065
0.0315065
0.0315065
0.0315065
0.0312789
0.0312789
0.0312789
0.0312789
0.0312789
0.0312789
0.0312789
0.0312789
0.031279
0.031279
0.031279
0.031279
0.031279
0.031279
0.031279
0.031279
0.031279
0.031279
0.031279
0.031279
0.0310515
0.0310515
0.0310515
0.0310515
0.0310515
0.0310515
0.0310515
0.0310515
0.0310515
0.0310515
0.0310515
0.0310515
0.0310515
0.0310515
0.0310515
0.0310515
0.0310515
0.0310515
0.0310515
0.0310515
0.030824
0.030824
0.030824
0.030824
0.030824
0.030824
0.030824
0.030824
0.030824
0.030824
0.030824
0.030824
0.030824
0.030824
0.030824
0.030824
0.030824
0.030824
0.030824
0.030824
0.0305965
0.0305965
0.0305965
0.0305965
0.0305965
0.0305965
0.0305965
0.0305965
0.0305965
0.0305965
0.0305965
0.0305965
0.0305965
0.0305965
0.0305965
0.0305966
0.0305966
0.0305966
0.0305966
0.0305966
0.030369
0.030369
0.030369
0.030369
0.030369
0.030369
0.030369
0.030369
0.030369
0.030369
0.030369
0.030369
0.0303691
0.0303691
0.0303691
0.0303691
0.0303691
0.0303691
0.0303691
0.0303691
0.0301415
0.0301415
0.0301415
0.0301415
0.0301415
0.0301415
0.0301415
0.0301415
0.0301415
0.0301416
0.0301416
0.0301416
0.0301416
0.0301416
0.0301416
0.0301416
0.0301416
0.0301416
0.0301416
0.0301416
0.0299141
0.0299141
0.0299141
0.0299141
0.0299141
0.0299141
0.0299141
0.0299141
0.0299141
0.0299141
0.0299141
0.0299141
0.0299141
0.0299141
0.0299141
0.0299141
0.0299141
0.0299141
0.0299141
0.0299141
0.0296866
0.0296866
0.0296866
0.0296866
0.0296866
0.0296866
0.0296866
0.0296866
0.0296866
0.0296866
0.0296866
0.0296866
0.0296866
0.0296866
0.0296866
0.0296866
0.0296866
0.0296866
0.0296866
0.0296866
0.0294591
0.0294591
0.0294591
0.0294591
0.0294591
0.0294591
0.0294591
0.0294591
0.0294591
0.0294591
0.0294591
0.0294591
0.0294591
0.0294591
0.0294591
0.0294592
0.0294592
0.0294592
0.0294592
0.0294592
0.0292316
0.0292316
0.0292316
0.0292316
0.0292316
0.0292316
0.0292316
0.0292316
0.0292316
0.0292316
0.0292316
0.0292316
0.0292317
0.0292317
0.0292317
0.0292317
0.0292317
0.0292317
0.0292317
0.0292317
0.0290041
0.0290041
0.0290041
0.0290041
0.0290041
0.0290041
0.0290041
0.0290041
0.0290041
0.0290041
0.0290042
0.0290042
0.0290042
0.0290042
0.0290042
0.0290042
0.0290042
0.0290042
0.0290042
0.0290042
0.0287766
0.0287766
0.0287766
0.0287766
0.0287766
0.0287766
0.0287766
0.0287766
0.0287767
0.0287767
0.0287767
0.0287767
0.0287767
0.0287767
0.0287767
0.0287767
0.0287767
0.0287767
0.0287767
0.0287767
0.0285491
0.0285491
0.0285491
0.0285491
0.0285491
0.0285491
0.0285492
0.0285492
0.0285492
0.0285492
0.0285492
0.0285492
0.0285492
0.0285492
0.0285492
0.0285492
0.0285492
0.0285492
0.0285492
0.0285492
0.0283216
0.0283216
0.0283217
0.0283217
0.0283217
0.0283217
0.0283217
0.0283217
0.0283217
0.0283217
0.0283217
0.0283217
0.0283217
0.0283217
0.0283217
0.0283217
0.0283217
0.0283217
0.0283217
0.0283217
0.0280942
0.0280942
0.0280942
0.0280942
0.0280942
0.0280942
0.0280942
0.0280942
0.0280942
0.0280942
0.0280942
0.0280942
0.0280942
0.0280942
0.0280942
0.0280942
0.0280942
0.0280942
0.0280943
0.0280943
0.0278667
0.0278667
0.0278667
0.0278667
0.0278667
0.0278667
0.0278667
0.0278667
0.0278667
0.0278667
0.0278667
0.0278668
0.0278668
0.0278668
0.0278668
0.0278668
0.0278668
0.0278668
0.0278668
0.0278668
0.0276392
0.0276392
0.0276392
0.0276392
0.0276392
0.0276392
0.0276392
0.0276392
0.0276393
0.0276393
0.0276393
0.0276393
0.0276393
0.0276393
0.0276393
0.0276393
0.0276393
0.0276393
0.0276393
0.0276393
0.0274117
0.0274117
0.0274117
0.0274117
0.0274118
0.0274118
0.0274118
0.0274118
0.0274118
0.0274118
0.0274118
0.0274118
0.0274118
0.0274118
0.0274118
0.0274118
0.0274118
0.0274118
0.0274118
0.0274118
0.0271843
0.0271843
0.0271843
0.0271843
0.0271843
0.0271843
0.0271843
0.0271843
0.0271843
0.0271843
0.0271843
0.0271843
0.0271843
0.0271843
0.0271843
0.0271843
0.0271843
0.0271843
0.0271843
0.0271843
0.0269568
0.0269568
0.0269568
0.0269568
0.0269568
0.0269568
0.0269568
0.0269568
0.0269568
0.0269568
0.0269568
0.0269568
0.0269568
0.0269568
0.0269568
0.0269568
0.0269568
0.0269568
0.0269568
0.0269568
0.0267293
0.0267293
0.0267293
0.0267293
0.0267293
0.0267293
0.0267293
0.0267293
0.0267293
0.0267293
0.0267293
0.0267293
0.0267293
0.0267293
0.0267293
0.0267293
0.0267293
0.0267293
0.0267293
0.0267293
0.0265018
0.0265018
0.0265018
0.0265018
0.0265018
0.0265018
0.0265019
0.0265019
0.0265019
0.0265019
0.0265019
0.0265019
0.0265019
0.0265019
0.0265019
0.0265019
0.0265019
0.0265019
0.0265019
0.0265019
0.0262744
0.0262744
0.0262744
0.0262744
0.0262744
0.0262744
0.0262744
0.0262744
0.0262744
0.0262744
0.0262744
0.0262744
0.0262744
0.0262744
0.0262744
0.0262744
0.0262744
0.0262744
0.0262744
0.0262744
0.0260469
0.0260469
0.0260469
0.0260469
0.0260469
0.0260469
0.0260469
0.0260469
0.0260469
0.0260469
0.0260469
0.0260469
0.0260469
0.0260469
0.0260469
0.0260469
0.0260469
0.0260469
0.0260469
0.0260469
0.0258194
0.0258194
0.0258194
0.0258194
0.0258194
0.0258194
0.0258194
0.0258194
0.0258194
0.0258194
0.0258194
0.0258194
0.0258194
0.0258194
0.0258194
0.0258194
0.0258194
0.0258194
0.0258194
0.0258194
0.0255919
0.0255919
0.0255919
0.0255919
0.0255919
0.0255919
0.0255919
0.0255919
0.0255919
0.0255919
0.0255919
0.0255919
0.0255919
0.0255919
0.0255919
0.0255919
0.0255919
0.0255919
0.0255919
0.0255919
0.0253644
0.0253644
0.0253644
0.0253644
0.0253644
0.0253644
0.0253644
0.0253644
0.0253644
0.0253644
0.0253645
0.0253645
0.0253645
0.0253645
0.0253645
0.0253645
0.0253645
0.0253644
0.0253644
0.0253644
0.025137
0.025137
0.025137
0.025137
0.025137
0.025137
0.025137
0.025137
0.025137
0.025137
0.025137
0.025137
0.025137
0.025137
0.025137
0.025137
0.025137
0.025137
0.025137
0.025137
0.0249095
0.0249095
0.0249095
0.0249095
0.0249095
0.0249095
0.0249095
0.0249095
0.0249095
0.0249095
0.0249095
0.0249095
0.0249095
0.0249095
0.0249095
0.0249095
0.0249095
0.0249095
0.0249095
0.0249095
0.024682
0.024682
0.024682
0.024682
0.024682
0.024682
0.024682
0.024682
0.024682
0.024682
0.024682
0.024682
0.024682
0.024682
0.024682
0.024682
0.024682
0.024682
0.024682
0.024682
0.0244545
0.0244545
0.0244545
0.0244545
0.0244545
0.0244545
0.0244545
0.0244545
0.0244545
0.0244545
0.0244545
0.0244545
0.0244545
0.0244545
0.0244545
0.0244545
0.0244545
0.0244545
0.0244545
0.0244545
0.024227
0.024227
0.024227
0.024227
0.024227
0.024227
0.024227
0.024227
0.024227
0.0242271
0.0242271
0.0242271
0.0242271
0.024227
0.024227
0.024227
0.024227
0.024227
0.024227
0.024227
0.0239995
0.0239995
0.0239995
0.0239995
0.0239996
0.0239996
0.0239996
0.0239996
0.0239996
0.0239996
0.0239996
0.0239996
0.0239996
0.0239996
0.0239996
0.0239996
0.0239996
0.0239996
0.0239996
0.0239996
0.0237721
0.0237721
0.0237721
0.0237721
0.0237721
0.0237721
0.0237721
0.0237721
0.0237721
0.0237721
0.0237721
0.0237721
0.0237721
0.0237721
0.0237721
0.0237721
0.0237721
0.0237721
0.0237721
0.0237721
0.0235446
0.0235446
0.0235446
0.0235446
0.0235446
0.0235446
0.0235446
0.0235446
0.0235446
0.0235446
0.0235446
0.0235446
0.0235446
0.0235446
0.0235446
0.0235446
0.0235446
0.0235446
0.0235446
0.0235446
0.0233171
0.0233171
0.0233171
0.0233171
0.0233171
0.0233171
0.0233171
0.0233171
0.0233171
0.0233171
0.0233171
0.0233171
0.0233171
0.0233171
0.0233171
0.0233171
0.0233171
0.0233171
0.0233171
0.0233171
0.0230896
0.0230896
0.0230896
0.0230896
0.0230896
0.0230896
0.0230896
0.0230896
0.0230897
0.0230897
0.0230897
0.0230897
0.0230897
0.0230896
0.0230896
0.0230896
0.0230896
0.0230896
0.0230896
0.0230896
0.0228622
0.0228622
0.0228622
0.0228622
0.0228622
0.0228622
0.0228622
0.0228622
0.0228622
0.0228622
0.0228622
0.0228622
0.0228622
0.0228622
0.0228622
0.0228622
0.0228622
0.0228622
0.0228622
0.0228622
0.0226347
0.0226347
0.0226347
0.0226347
0.0226347
0.0226347
0.0226347
0.0226347
0.0226347
0.0226347
0.0226347
0.0226347
0.0226347
0.0226347
0.0226347
0.0226347
0.0226347
0.0226347
0.0226347
0.0226347
0.0224072
0.0224072
0.0224072
0.0224072
0.0224072
0.0224072
0.0224072
0.0224072
0.0224072
0.0224072
0.0224072
0.0224072
0.0224072
0.0224072
0.0224072
0.0224072
0.0224072
0.0224072
0.0224072
0.0224072
0.0221798
0.0221798
0.0221798
0.0221797
0.0221797
0.0221797
0.0221797
0.0221797
0.0221797
0.0221797
0.0221797
0.0221797
0.0221797
0.0221797
0.0221797
0.0221797
0.0221797
0.0221797
0.0221797
0.0221797
0.0219523
0.0219523
0.0219523
0.0219523
0.0219523
0.0219523
0.0219523
0.0219523
0.0219523
0.0219523
0.0219523
0.0219523
0.0219523
0.0219523
0.0219523
0.0219523
0.0219523
0.0219523
0.0219523
0.0219523
0.0217248
0.0217248
0.0217248
0.0217248
0.0217248
0.0217248
0.0217248
0.0217248
0.0217248
0.0217248
0.0217248
0.0217248
0.0217248
0.0217248
0.0217248
0.0217248
0.0217248
0.0217248
0.0217248
0.0217248
0.0214973
0.0214973
0.0214973
0.0214973
0.0214973
0.0214973
0.0214973
0.0214973
0.0214973
0.0214973
0.0214973
0.0214973
0.0214973
0.0214973
0.0214973
0.0214973
0.0214973
0.0214973
0.0214973
0.0214973
0.0212699
0.0212699
0.0212699
0.0212699
0.0212699
0.0212698
0.0212698
0.0212698
0.0212698
0.0212698
0.0212698
0.0212698
0.0212698
0.0212698
0.0212698
0.0212698
0.0212698
0.0212698
0.0212698
0.0212698
0.0210424
0.0210424
0.0210424
0.0210424
0.0210424
0.0210424
0.0210424
0.0210424
0.0210424
0.0210423
0.0210423
0.0210423
0.0210423
0.0210423
0.0210423
0.0210423
0.0210423
0.0210423
0.0210423
0.0210423
0.0208149
0.0208149
0.0208149
0.0208149
0.0208149
0.0208149
0.0208149
0.0208149
0.0208149
0.0208149
0.0208149
0.0208149
0.0208149
0.0208149
0.0208149
0.0208149
0.0208149
0.0208149
0.0208149
0.0208149
0.0205874
0.0205874
0.0205874
0.0205874
0.0205874
0.0205874
0.0205874
0.0205874
0.0205874
0.0205874
0.0205874
0.0205874
0.0205874
0.0205874
0.0205874
0.0205874
0.0205874
0.0205874
0.0205874
0.0205874
0.0203599
0.0203599
0.0203599
0.0203599
0.0203599
0.0203599
0.0203599
0.0203599
0.0203599
0.0203599
0.0203599
0.0203599
0.0203599
0.0203599
0.0203599
0.0203599
0.0203599
0.0203599
0.0203599
0.0203599
0.0201325
0.0201325
0.0201325
0.0201325
0.0201325
0.0201325
0.0201325
0.0201325
0.0201324
0.0201324
0.0201324
0.0201324
0.0201324
0.0201324
0.0201324
0.0201324
0.0201324
0.0201324
0.0201324
0.0201324
0.019905
0.019905
0.019905
0.019905
0.019905
0.019905
0.019905
0.019905
0.019905
0.019905
0.019905
0.019905
0.019905
0.019905
0.019905
0.019905
0.019905
0.019905
0.019905
0.019905
0.0196775
0.0196775
0.0196775
0.0196775
0.0196775
0.0196775
0.0196775
0.0196775
0.0196775
0.0196775
0.0196775
0.0196775
0.0196775
0.0196775
0.0196775
0.0196775
0.0196775
0.0196775
0.0196775
0.0196775
0.01945
0.01945
0.01945
0.01945
0.01945
0.01945
0.01945
0.01945
0.01945
0.01945
0.01945
0.01945
0.01945
0.01945
0.01945
0.01945
0.01945
0.01945
0.01945
0.01945
0.0192226
0.0192226
0.0192226
0.0192226
0.0192226
0.0192226
0.0192226
0.0192226
0.0192226
0.0192226
0.0192226
0.0192226
0.0192226
0.0192226
0.0192226
0.0192226
0.0192226
0.0192226
0.0192226
0.0192226
0.0189951
0.0189951
0.0189951
0.0189951
0.0189951
0.0189951
0.0189951
0.0189951
0.0189951
0.0189951
0.0189951
0.0189951
0.0189951
0.0189951
0.0189951
0.0189951
0.0189951
0.0189951
0.0189951
0.0189951
0.0187676
0.0187676
0.0187676
0.0187676
0.0187676
0.0187676
0.0187676
0.0187676
0.0187676
0.0187676
0.0187676
0.0187676
0.0187676
0.0187676
0.0187676
0.0187676
0.0187676
0.0187676
0.0187676
0.0187676
0.0185402
0.0185402
0.0185402
0.0185402
0.0185402
0.0185401
0.0185401
0.0185401
0.0185401
0.0185401
0.0185401
0.0185401
0.0185401
0.0185401
0.0185401
0.0185401
0.0185401
0.0185401
0.0185401
0.0185401
0.0183127
0.0183127
0.0183127
0.0183127
0.0183127
0.0183127
0.0183127
0.0183127
0.0183127
0.0183127
0.0183127
0.0183127
0.0183127
0.0183127
0.0183127
0.0183126
0.0183126
0.0183126
0.0183126
0.0183126
0.0180852
0.0180852
0.0180852
0.0180852
0.0180852
0.0180852
0.0180852
0.0180852
0.0180852
0.0180852
0.0180852
0.0180852
0.0180852
0.0180852
0.0180852
0.0180852
0.0180852
0.0180852
0.0180852
0.0180852
0.0178577
0.0178577
0.0178577
0.0178577
0.0178577
0.0178577
0.0178577
0.0178577
0.0178577
0.0178577
0.0178577
0.0178577
0.0178577
0.0178577
0.0178577
0.0178577
0.0178577
0.0178577
0.0178577
0.0178577
0.0176303
0.0176303
0.0176303
0.0176303
0.0176303
0.0176302
0.0176302
0.0176302
0.0176302
0.0176302
0.0176302
0.0176302
0.0176302
0.0176302
0.0176302
0.0176302
0.0176302
0.0176302
0.0176302
0.0176302
0.0174028
0.0174028
0.0174028
0.0174028
0.0174028
0.0174028
0.0174028
0.0174028
0.0174028
0.0174028
0.0174028
0.0174027
0.0174027
0.0174027
0.0174027
0.0174027
0.0174027
0.0174027
0.0174027
0.0174027
0.0171753
0.0171753
0.0171753
0.0171753
0.0171753
0.0171753
0.0171753
0.0171753
0.0171753
0.0171753
0.0171753
0.0171753
0.0171753
0.0171753
0.0171753
0.0171753
0.0171753
0.0171753
0.0171753
0.0171752
0.0169478
0.0169478
0.0169478
0.0169478
0.0169478
0.0169478
0.0169478
0.0169478
0.0169478
0.0169478
0.0169478
0.0169478
0.0169478
0.0169478
0.0169478
0.0169478
0.0169478
0.0169478
0.0169478
0.0169478
0.0167204
0.0167204
0.0167204
0.0167204
0.0167204
0.0167204
0.0167204
0.0167204
0.0167203
0.0167203
0.0167203
0.0167203
0.0167203
0.0167203
0.0167203
0.0167203
0.0167203
0.0167203
0.0167203
0.0167203
0.0164929
0.0164929
0.0164929
0.0164929
0.0164929
0.0164929
0.0164929
0.0164929
0.0164929
0.0164929
0.0164929
0.0164929
0.0164929
0.0164929
0.0164928
0.0164928
0.0164928
0.0164928
0.0164928
0.0164928
0.0162654
0.0162654
0.0162654
0.0162654
0.0162654
0.0162654
0.0162654
0.0162654
0.0162654
0.0162654
0.0162654
0.0162654
0.0162654
0.0162654
0.0162654
0.0162654
0.0162653
0.0162653
0.0162653
0.0162653
0.0160379
0.0160379
0.0160379
0.0160379
0.0160379
0.0160379
0.0160379
0.0160379
0.0160379
0.0160379
0.0160379
0.0160379
0.0160379
0.0160379
0.0160379
0.0160379
0.0160379
0.0160379
0.0160379
0.0160379
0.0158105
0.0158105
0.0158105
0.0158105
0.0158105
0.0158105
0.0158105
0.0158105
0.0158105
0.0158104
0.0158104
0.0158104
0.0158104
0.0158104
0.0158104
0.0158104
0.0158104
0.0158104
0.0158104
0.0158104
0.015583
0.015583
0.015583
0.015583
0.015583
0.015583
0.015583
0.015583
0.015583
0.015583
0.015583
0.0155829
0.0155829
0.0155829
0.0155829
0.0155829
0.0155829
0.0155829
0.0155829
0.0155829
0.0153555
0.0153555
0.0153555
0.0153555
0.0153555
0.0153555
0.0153555
0.0153555
0.0153555
0.0153555
0.0153555
0.0153555
0.0153555
0.0153555
0.0153554
0.0153554
0.0153554
0.0153554
0.0153554
0.0153554
0.015128
0.015128
0.015128
0.015128
0.015128
0.015128
0.015128
0.015128
0.015128
0.015128
0.015128
0.015128
0.015128
0.015128
0.015128
0.015128
0.015128
0.015128
0.015128
0.015128
0.0149006
0.0149006
0.0149006
0.0149006
0.0149006
0.0149005
0.0149005
0.0149005
0.0149005
0.0149005
0.0149005
0.0149005
0.0149005
0.0149005
0.0149005
0.0149005
0.0149005
0.0149005
0.0149005
0.0149005
0.0146731
0.0146731
0.0146731
0.0146731
0.0146731
0.0146731
0.0146731
0.0146731
0.014673
0.014673
0.014673
0.014673
0.014673
0.014673
0.014673
0.014673
0.014673
0.014673
0.014673
0.014673
0.0144456
0.0144456
0.0144456
0.0144456
0.0144456
0.0144456
0.0144456
0.0144456
0.0144456
0.0144456
0.0144456
0.0144455
0.0144455
0.0144455
0.0144455
0.0144455
0.0144455
0.0144455
0.0144455
0.0144455
0.0142181
0.0142181
0.0142181
0.0142181
0.0142181
0.0142181
0.0142181
0.0142181
0.0142181
0.0142181
0.0142181
0.0142181
0.0142181
0.0142181
0.0142181
0.0142181
0.0142181
0.0142181
0.0142181
0.0142181
0.0139906
0.0139906
0.0139906
0.0139906
0.0139906
0.0139906
0.0139906
0.0139906
0.0139906
0.0139906
0.0139906
0.0139906
0.0139906
0.0139906
0.0139906
0.0139906
0.0139906
0.0139906
0.0139906
0.0139906
0.0137631
0.0137631
0.0137631
0.0137631
0.0137631
0.0137631
0.0137631
0.0137631
0.0137631
0.0137631
0.0137631
0.0137631
0.0137631
0.0137631
0.0137631
0.0137631
0.0137631
0.0137631
0.0137631
0.0137631
0.0135357
0.0135357
0.0135357
0.0135357
0.0135357
0.0135357
0.0135357
0.0135357
0.0135357
0.0135357
0.0135357
0.0135357
0.0135357
0.0135357
0.0135356
0.0135356
0.0135356
0.0135356
0.0135356
0.0135356
0.0133082
0.0133082
0.0133082
0.0133082
0.0133082
0.0133082
0.0133082
0.0133082
0.0133082
0.0133082
0.0133082
0.0133082
0.0133082
0.0133082
0.0133082
0.0133082
0.0133082
0.0133082
0.0133082
0.0133082
0.0130807
0.0130807
0.0130807
0.0130807
0.0130807
0.0130807
0.0130807
0.0130807
0.0130807
0.0130807
0.0130807
0.0130807
0.0130807
0.0130807
0.0130807
0.0130807
0.0130807
0.0130807
0.0130807
0.0130807
0.0128532
0.0128532
0.0128532
0.0128532
0.0128532
0.0128532
0.0128532
0.0128532
0.0128532
0.0128532
0.0128532
0.0128532
0.0128532
0.0128532
0.0128532
0.0128532
0.0128532
0.0128532
0.0128532
0.0128532
0.0126257
0.0126257
0.0126257
0.0126257
0.0126257
0.0126257
0.0126257
0.0126257
0.0126257
0.0126257
0.0126257
0.0126257
0.0126257
0.0126257
0.0126257
0.0126257
0.0126257
0.0126257
0.0126257
0.0126257
0.0123982
0.0123982
0.0123982
0.0123982
0.0123982
0.0123982
0.0123982
0.0123982
0.0123982
0.0123982
0.0123982
0.0123982
0.0123982
0.0123982
0.0123982
0.0123982
0.0123982
0.0123982
0.0123982
0.0123982
0.0121708
0.0121708
0.0121708
0.0121708
0.0121708
0.0121708
0.0121708
0.0121708
0.0121708
0.0121708
0.0121708
0.0121708
0.0121708
0.0121708
0.0121708
0.0121708
0.0121708
0.0121708
0.0121708
0.0121708
0.0119433
0.0119433
0.0119433
0.0119433
0.0119433
0.0119433
0.0119433
0.0119433
0.0119433
0.0119433
0.0119433
0.0119433
0.0119433
0.0119433
0.0119433
0.0119433
0.0119433
0.0119433
0.0119433
0.0119433
0.0117158
0.0117158
0.0117158
0.0117158
0.0117158
0.0117158
0.0117158
0.0117158
0.0117158
0.0117158
0.0117158
0.0117158
0.0117158
0.0117158
0.0117158
0.0117158
0.0117158
0.0117158
0.0117158
0.0117158
0.0114883
0.0114883
0.0114883
0.0114883
0.0114883
0.0114883
0.0114883
0.0114883
0.0114883
0.0114883
0.0114883
0.0114883
0.0114883
0.0114883
0.0114883
0.0114883
0.0114883
0.0114883
0.0114883
0.0114883
0.0112608
0.0112608
0.0112608
0.0112608
0.0112608
0.0112608
0.0112608
0.0112608
0.0112608
0.0112608
0.0112608
0.0112608
0.0112608
0.0112608
0.0112608
0.0112608
0.0112608
0.0112608
0.0112608
0.0112608
0.0110333
0.0110333
0.0110333
0.0110333
0.0110333
0.0110333
0.0110333
0.0110333
0.0110333
0.0110333
0.0110333
0.0110333
0.0110333
0.0110333
0.0110333
0.0110333
0.0110333
0.0110334
0.0110334
0.0110334
0.0108059
0.0108059
0.0108059
0.0108059
0.0108059
0.0108059
0.0108059
0.0108059
0.0108059
0.0108059
0.0108059
0.0108059
0.0108059
0.0108059
0.0108059
0.0108059
0.0108059
0.0108059
0.0108059
0.0108059
0.0105784
0.0105784
0.0105784
0.0105784
0.0105784
0.0105784
0.0105784
0.0105784
0.0105784
0.0105784
0.0105784
0.0105784
0.0105784
0.0105784
0.0105784
0.0105784
0.0105784
0.0105784
0.0105784
0.0105784
0.0103509
0.0103509
0.0103509
0.0103509
0.0103509
0.0103509
0.0103509
0.0103509
0.0103509
0.0103509
0.0103509
0.0103509
0.0103509
0.0103509
0.0103509
0.0103509
0.0103509
0.0103509
0.0103509
0.0103509
0.0101234
0.0101234
0.0101234
0.0101234
0.0101234
0.0101234
0.0101234
0.0101234
0.0101234
0.0101234
0.0101234
0.0101234
0.0101234
0.0101234
0.0101234
0.0101234
0.0101234
0.0101234
0.0101234
0.0101234
0.00989592
0.00989592
0.00989592
0.00989592
0.00989592
0.00989592
0.00989593
0.00989593
0.00989593
0.00989593
0.00989593
0.00989593
0.00989593
0.00989593
0.00989593
0.00989593
0.00989593
0.00989593
0.00989593
0.00989593
0.00966843
0.00966843
0.00966843
0.00966843
0.00966843
0.00966844
0.00966844
0.00966844
0.00966844
0.00966844
0.00966844
0.00966844
0.00966844
0.00966844
0.00966844
0.00966844
0.00966844
0.00966844
0.00966844
0.00966844
0.00944094
0.00944094
0.00944094
0.00944094
0.00944094
0.00944095
0.00944095
0.00944095
0.00944095
0.00944095
0.00944095
0.00944096
0.00944096
0.00944096
0.00944096
0.00944096
0.00944095
0.00944095
0.00944095
0.00944095
0.00921345
0.00921345
0.00921345
0.00921345
0.00921346
0.00921346
0.00921346
0.00921346
0.00921347
0.00921347
0.00921347
0.00921347
0.00921347
0.00921347
0.00921347
0.00921347
0.00921347
0.00921347
0.00921346
0.00921346
0.00898596
0.00898596
0.00898597
0.00898597
0.00898597
0.00898597
0.00898597
0.00898598
0.00898598
0.00898598
0.00898598
0.00898598
0.00898598
0.00898598
0.00898598
0.00898598
0.00898598
0.00898598
0.00898598
0.00898598
0.00875848
0.00875848
0.00875848
0.00875848
0.00875849
0.00875849
0.00875849
0.00875849
0.00875849
0.0087585
0.0087585
0.0087585
0.0087585
0.0087585
0.0087585
0.0087585
0.0087585
0.0087585
0.0087585
0.0087585
0.008531
0.008531
0.008531
0.008531
0.008531
0.008531
0.008531
0.00853101
0.00853101
0.00853101
0.00853101
0.00853101
0.00853101
0.00853101
0.00853101
0.00853101
0.00853101
0.00853101
0.00853101
0.00853101
0.00830352
0.00830352
0.00830352
0.00830352
0.00830352
0.00830352
0.00830352
0.00830352
0.00830352
0.00830352
0.00830352
0.00830352
0.00830353
0.00830353
0.00830353
0.00830353
0.00830353
0.00830353
0.00830353
0.00830353
0.00807603
0.00807603
0.00807603
0.00807603
0.00807603
0.00807603
0.00807603
0.00807603
0.00807603
0.00807603
0.00807603
0.00807604
0.00807604
0.00807604
0.00807604
0.00807604
0.00807604
0.00807605
0.00807605
0.00807605
0.00784854
0.00784854
0.00784854
0.00784854
0.00784854
0.00784854
0.00784854
0.00784854
0.00784854
0.00784854
0.00784855
0.00784855
0.00784855
0.00784855
0.00784856
0.00784856
0.00784856
0.00784856
0.00784856
0.00784856
0.00762105
0.00762105
0.00762105
0.00762105
0.00762105
0.00762105
0.00762105
0.00762105
0.00762105
0.00762105
0.00762106
0.00762106
0.00762106
0.00762107
0.00762107
0.00762107
0.00762107
0.00762107
0.00762107
0.00762108
0.00739356
0.00739356
0.00739356
0.00739356
0.00739356
0.00739356
0.00739356
0.00739356
0.00739356
0.00739356
0.00739357
0.00739357
0.00739357
0.00739358
0.00739358
0.00739358
0.00739359
0.00739359
0.00739359
0.00739359
0.00716606
0.00716606
0.00716606
0.00716606
0.00716606
0.00716607
0.00716607
0.00716607
0.00716607
0.00716607
0.00716608
0.00716608
0.00716608
0.00716609
0.00716609
0.0071661
0.0071661
0.0071661
0.0071661
0.0071661
0.00693857
0.00693857
0.00693857
0.00693857
0.00693857
0.00693858
0.00693858
0.00693858
0.00693858
0.00693858
0.00693859
0.00693859
0.00693859
0.0069386
0.0069386
0.00693861
0.00693861
0.00693861
0.00693862
0.00693862
0.00671108
0.00671108
0.00671108
0.00671108
0.00671108
0.00671109
0.00671109
0.00671109
0.00671109
0.00671109
0.0067111
0.0067111
0.00671111
0.00671111
0.00671112
0.00671112
0.00671112
0.00671113
0.00671113
0.00671113
0.00648359
0.00648359
0.00648359
0.00648359
0.00648359
0.00648359
0.0064836
0.0064836
0.0064836
0.00648361
0.00648361
0.00648361
0.00648362
0.00648362
0.00648363
0.00648363
0.00648363
0.00648364
0.00648364
0.00648364
0.0062561
0.0062561
0.0062561
0.0062561
0.0062561
0.0062561
0.00625611
0.00625611
0.00625611
0.00625612
0.00625612
0.00625613
0.00625613
0.00625613
0.00625614
0.00625614
0.00625614
0.00625615
0.00625615
0.00625615
0.0060286
0.0060286
0.0060286
0.00602861
0.00602861
0.00602861
0.00602861
0.00602862
0.00602862
0.00602863
0.00602863
0.00602864
0.00602864
0.00602864
0.00602865
0.00602865
0.00602865
0.00602865
0.00602865
0.00602865
0.00580111
0.00580111
0.00580111
0.00580111
0.00580111
0.00580112
0.00580112
0.00580113
0.00580113
0.00580114
0.00580114
0.00580115
0.00580115
0.00580115
0.00580115
0.00580116
0.00580116
0.00580116
0.00580116
0.00580116
0.00557361
0.00557361
0.00557361
0.00557362
0.00557362
0.00557363
0.00557363
0.00557364
0.00557364
0.00557365
0.00557365
0.00557365
0.00557366
0.00557366
0.00557366
0.00557366
0.00557366
0.00557367
0.00557367
0.00557367
0.00534612
0.00534612
0.00534612
0.00534613
0.00534613
0.00534614
0.00534614
0.00534615
0.00534615
0.00534616
0.00534616
0.00534616
0.00534616
0.00534616
0.00534617
0.00534617
0.00534617
0.00534617
0.00534618
0.00534618
0.00511863
0.00511863
0.00511863
0.00511864
0.00511864
0.00511865
0.00511865
0.00511866
0.00511866
0.00511866
0.00511867
0.00511867
0.00511867
0.00511867
0.00511867
0.00511868
0.00511868
0.00511868
0.00511868
0.00511869
0.00489114
0.00489114
0.00489115
0.00489115
0.00489116
0.00489116
0.00489117
0.00489117
0.00489117
0.00489117
0.00489117
0.00489118
0.00489118
0.00489118
0.00489118
0.00489119
0.00489119
0.00489119
0.00489119
0.00489119
0.00466366
0.00466366
0.00466366
0.00466366
0.00466367
0.00466367
0.00466367
0.00466368
0.00466368
0.00466368
0.00466368
0.00466368
0.00466369
0.00466369
0.00466369
0.00466369
0.0046637
0.0046637
0.0046637
0.0046637
0.00443617
0.00443617
0.00443617
0.00443618
0.00443618
0.00443618
0.00443618
0.00443618
0.00443618
0.00443619
0.00443619
0.00443619
0.00443619
0.0044362
0.0044362
0.0044362
0.0044362
0.0044362
0.0044362
0.0044362
0.00420868
0.00420868
0.00420868
0.00420869
0.00420869
0.00420869
0.00420869
0.00420869
0.00420869
0.00420869
0.0042087
0.0042087
0.0042087
0.0042087
0.00420871
0.00420871
0.00420871
0.00420871
0.00420871
0.00420871
0.00398119
0.00398119
0.00398119
0.00398119
0.00398119
0.00398119
0.00398119
0.0039812
0.0039812
0.0039812
0.0039812
0.0039812
0.00398121
0.00398121
0.00398121
0.00398121
0.00398121
0.00398121
0.00398121
0.00398121
0.0037537
0.0037537
0.0037537
0.0037537
0.0037537
0.0037537
0.0037537
0.0037537
0.0037537
0.00375371
0.00375371
0.00375371
0.00375371
0.00375371
0.00375371
0.00375371
0.00375371
0.00375371
0.00375371
0.00375371
0.00352621
0.00352621
0.00352621
0.0035262
0.00352621
0.00352621
0.00352621
0.00352621
0.00352621
0.00352621
0.00352622
0.00352622
0.00352622
0.00352622
0.00352622
0.00352622
0.00352622
0.00352622
0.00352621
0.00352621
0.00329871
0.00329871
0.00329871
0.00329871
0.00329871
0.00329871
0.00329871
0.00329872
0.00329872
0.00329872
0.00329872
0.00329873
0.00329873
0.00329873
0.00329873
0.00329872
0.00329872
0.00329872
0.00329872
0.00329872
0.00307122
0.00307122
0.00307122
0.00307122
0.00307122
0.00307122
0.00307122
0.00307122
0.00307123
0.00307123
0.00307123
0.00307123
0.00307124
0.00307124
0.00307123
0.00307123
0.00307123
0.00307123
0.00307123
0.00307123
0.00284373
0.00284373
0.00284373
0.00284373
0.00284373
0.00284373
0.00284373
0.00284373
0.00284373
0.00284374
0.00284374
0.00284374
0.00284374
0.00284374
0.00284374
0.00284374
0.00284374
0.00284374
0.00284374
0.00284374
0.00261623
0.00261623
0.00261623
0.00261623
0.00261623
0.00261623
0.00261623
0.00261624
0.00261624
0.00261624
0.00261625
0.00261625
0.00261625
0.00261625
0.00261625
0.00261625
0.00261625
0.00261625
0.00261625
0.00261625
0.00238874
0.00238874
0.00238874
0.00238874
0.00238874
0.00238874
0.00238874
0.00238874
0.00238875
0.00238875
0.00238875
0.00238876
0.00238876
0.00238876
0.00238876
0.00238876
0.00238876
0.00238875
0.00238875
0.00238875
0.00216125
0.00216125
0.00216125
0.00216125
0.00216124
0.00216124
0.00216124
0.00216125
0.00216125
0.00216125
0.00216126
0.00216126
0.00216126
0.00216126
0.00216126
0.00216126
0.00216126
0.00216126
0.00216126
0.00216126
0.00193376
0.00193376
0.00193375
0.00193375
0.00193375
0.00193375
0.00193375
0.00193375
0.00193375
0.00193375
0.00193376
0.00193376
0.00193376
0.00193377
0.00193377
0.00193377
0.00193377
0.00193377
0.00193377
0.00193377
0.00170627
0.00170627
0.00170626
0.00170626
0.00170626
0.00170625
0.00170625
0.00170625
0.00170625
0.00170626
0.00170626
0.00170626
0.00170626
0.00170627
0.00170627
0.00170627
0.00170627
0.00170627
0.00170627
0.00170627
0.00147878
0.00147877
0.00147877
0.00147877
0.00147876
0.00147876
0.00147876
0.00147875
0.00147875
0.00147876
0.00147876
0.00147876
0.00147876
0.00147876
0.00147877
0.00147877
0.00147877
0.00147877
0.00147878
0.00147878
0.00125129
0.00125128
0.00125128
0.00125127
0.00125127
0.00125126
0.00125126
0.00125126
0.00125126
0.00125126
0.00125126
0.00125126
0.00125126
0.00125127
0.00125127
0.00125127
0.00125128
0.00125128
0.00125128
0.00125129
0.0010238
0.00102379
0.00102379
0.00102378
0.00102377
0.00102377
0.00102376
0.00102376
0.00102376
0.00102376
0.00102376
0.00102376
0.00102376
0.00102377
0.00102377
0.00102377
0.00102378
0.00102378
0.00102379
0.00102379
0.000796303
0.000796298
0.000796291
0.000796285
0.000796279
0.000796274
0.000796269
0.000796266
0.000796263
0.000796262
0.000796263
0.000796264
0.000796267
0.00079627
0.000796274
0.000796278
0.000796283
0.000796288
0.000796294
0.000796299
0.000568808
0.000568802
0.000568796
0.000568791
0.000568786
0.000568782
0.000568778
0.000568775
0.000568773
0.000568772
0.000568773
0.000568774
0.000568776
0.000568779
0.000568782
0.000568785
0.000568789
0.000568792
0.000568798
0.000568803
0.000341308
0.000341305
0.0003413
0.000341298
0.000341295
0.000341293
0.000341291
0.000341289
0.000341288
0.000341287
0.000341287
0.000341288
0.00034129
0.000341291
0.000341293
0.000341295
0.000341296
0.000341298
0.000341301
0.000341304
0.000113786
0.000113785
0.000113783
0.000113781
0.000113779
0.000113777
0.000113775
0.000113774
0.000113773
0.000113773
0.000113773
0.000113773
0.000113774
0.000113776
0.000113777
0.000113779
0.000113781
0.000113782
0.000113784
0.000113784
)
;

boundaryField
{
    inlet
    {
        type            fixedValue;
        value           uniform 0;
    }
    atmosphere
    {
        type            fixedValue;
        value           uniform 0;
    }
    walls
    {
        type            fixedFluxPressure;
        gradient        nonuniform List<scalar> 
800
(
-1.89058e-06
-0.000387941
-0.00101077
-0.00156627
-0.00164608
-0.00118023
-0.0224398
-0.0189879
-0.00530984
0.00396553
0.0125812
0.0146249
0.0140399
0.010243
0.0065688
-0.00929866
-0.00536226
0.00384441
0.0080528
0.0107603
0.0102462
0.00442492
-0.0015673
-0.00394906
-0.0041642
-0.00658645
0.00424829
0.0078891
0.0054556
-0.000582675
-0.0109156
-0.0149452
-0.0135299
-0.00714225
-0.00727831
0.00390641
0.00452641
0.0020599
-0.00152765
-0.000655703
-0.0214446
-0.00799323
0.00440089
0.00530979
0.00319577
-0.0034724
-0.0186335
-0.02355
-0.023208
-0.0165381
-0.00703739
-0.00407978
0.0057785
0.0129885
0.0161146
0.0166106
0.018153
0.0221893
0.0273972
0.0315831
0.0328419
0.0307639
0.02585
0.0201371
0.0163035
0.015483
0.0158086
0.0164632
0.0152747
0.0114615
0.00535511
-0.00152202
-0.00397996
-0.00390355
-0.0304463
-0.0130549
-0.000470691
0.00699288
0.0116531
0.0154133
0.0165684
0.0153918
0.0146257
0.0160219
0.0190652
0.0211503
0.0230092
0.0281097
0.0297649
0.029059
0.0252406
0.019281
0.0130309
0.00919074
0.00605557
0.00269672
-0.0011023
-0.0014723
-0.00194729
0.000549165
0.00338292
0.00384105
0.00206725
-0.000452367
-0.00139116
-0.00150606
-0.000403679
-0.0235128
-0.0156241
-0.00549062
0.00400291
0.0141254
0.0148048
0.011331
0.00535442
0.00729263
0.00897589
0.00714763
-0.00120647
-0.00217839
-0.00419654
-0.0064678
-0.00715786
-0.00582685
-0.0174499
-0.0309878
-0.0135336
-0.0104674
-0.00465482
0.00424894
0.0176829
0.0180384
0.0129784
0.00442521
-0.000856458
0.000617151
0.00134833
0.000570127
-0.0024094
-0.00164402
-0.00320045
0.0057273
0.00240588
-0.00420765
-0.00458238
-0.00167534
9.39603e-06
-0.0038427
-0.0104134
-0.00496464
-0.00352414
0.00217417
-0.00433223
0.000877222
-0.00879379
-0.00826245
-0.0062989
-0.00927354
-0.00178721
0.000389356
-0.00173384
-0.00950458
-0.0462898
-0.278702
-1.22465
-4.01531
-9.89953
-19.2876
-32.4307
-47.5988
-62.0795
-77.4725
-104.634
-166.203
-313.5
-658.941
-1217.12
-2030.96
-7313.67
4208.07
-19748.5
-128264
-914063
-282456
-85280.7
-6609.94
-510.605
119.42
1141.14
576.986
-479.964
-411.515
-86.3118
-4.20253
-0.146547
-2.24205e-05
-3.79684e-10
-5.27055e-15
-5.6977e-20
-5.09718e-25
-3.99556e-30
-2.88289e-35
-1.98888e-40
-1.34539e-45
-9.04053e-51
-6.05888e-56
-4.19122e-61
-6.4217e-66
-2.00257e-70
-5.54111e-75
-1.29233e-79
-2.65968e-84
-5.00849e-89
-8.84161e-94
-1.48984e-98
-2.44404e-103
-3.96916e-108
-6.45725e-113
-1.06046e-117
-1.76773e-122
-2.9923e-127
-5.16324e-132
-9.10724e-137
-1.64728e-141
-3.06373e-146
-5.86068e-151
-1.15692e-155
0
0
0
0
0
0
0
0
0
0
0
0
0
0
0
0
0
0
0
0
0
0
0
0
0
0
0
0
0
0
0
0
0
0
0
0
0
0
0
0
0
0
0
0
0
0
0
0
0
0
0
0
0
0
0
0
0
0
0
0
0
0
0
0
0
0
0
0
0
0
0
0
0
0
0
0
0
0
0
0
0
0
0
0
0
0
0
0
0
0
0
0
0
0
0
0
0
0
0
0
0
0
0
0
0
0
0
0
0
0
0
0
0
0
0
0
0
0
0
0
0
0
0
0
0
0
0
0
0
0
0
0
0
0
0
0
0
0
0
0
0
0
0
0
0
0
0
0
0
0
0
0
0
0
0
0
0
0
0
0
0
0
0
0
0
0
0
0
0
0
0
0
0
-0.00479754
-0.00719138
-0.00244477
0.00413951
0.00857445
0.00960916
0.0088228
0.00712601
0.00661511
0.0075519
0.00821874
0.00972474
0.0117363
0.0109488
0.0101672
0.0154726
0.0161348
0.0151008
0.0144983
0.013134
0.011439
0.00929086
0.00659931
0.00395661
0.000882302
-0.00458347
-0.0126374
-0.0137206
-0.0132085
-0.00760119
-0.0160207
-0.00231399
0.00748288
0.0108819
0.0106459
0.00855211
0.00467151
0.00357792
0.00428922
0.00316909
0.00200613
0.00114804
0.000782702
0.000410705
-0.00166522
-0.00882679
-0.0120812
-0.0120894
-0.00769711
-0.00687934
-0.00280842
-0.00437947
-0.00267556
0.00537324
0.00972846
0.0112702
0.0107433
0.0102232
0.0108953
0.0131753
0.0130669
0.0101133
0.00484651
0.000348222
-0.000574499
-0.00493629
-0.000593924
0.000169163
-0.01248
-0.00129082
-0.00131989
-0.0161788
-0.00968559
-0.00557804
-0.00379612
-0.0142909
-0.0142247
-0.00238371
0.00539952
0.00804594
0.00760677
0.0109027
0.0189565
0.0227067
0.0171015
0.0108581
0.0160532
0.021302
0.0249882
0.0247488
0.0212328
0.0162983
0.0118286
0.00891034
0.00726242
0.00545466
0.00155582
-0.00291583
-0.00442725
-0.00283142
-0.000741886
-0.0195064
-0.0151597
-0.00452611
0.00162995
0.00222082
-0.00141502
-0.00461852
-0.00434536
-0.0018238
-0.00198153
-0.00416977
-0.00490191
-0.00306954
-0.00234699
-0.000123806
0.00101796
0.000289753
-0.00261773
-0.00366584
-0.00220622
-0.00052529
-0.0021827
-0.00268935
-0.0189742
-0.0188801
0.00108442
0.00548162
-0.00722917
-0.0128235
-0.00669615
0.00808264
0.0107527
0.0122654
0.0098775
0.00389385
-0.00411388
-0.00577062
-0.0340443
-0.0157125
0.00517476
0.000908672
0.000103724
-0.00193393
-0.0300716
0.0062116
-0.00216348
-0.0202594
0.0158509
0.0095839
-0.00149407
-0.00971308
-0.0345385
-0.043162
-0.0410868
-0.0167802
0.00503938
-0.0149368
-0.00974146
0.00218274
-0.0093931
-0.0150993
-0.0463843
-0.277343
-1.22993
-4.01511
-9.91064
-19.3023
-32.4308
-47.5808
-62.0707
-77.4702
-104.63
-166.205
-313.507
-658.949
-1217.13
-2031.14
-7314.56
4208.8
-19748.1
-128366
-913896
-282801
-85236.7
-6488.14
-565.704
101.336
1098.01
559.986
-469.113
-411.45
-87.056
-4.29084
-0.153503
-2.43651e-05
-4.10607e-10
-5.68716e-15
-6.14099e-20
-5.50092e-25
-4.33e-30
-3.14319e-35
-2.18176e-40
-1.48243e-45
-9.98041e-51
-6.6856e-56
-4.49775e-61
-1.89536e-65
-7.48988e-70
-2.04338e-74
-4.62395e-79
-9.44496e-84
-1.80896e-88
-3.31356e-93
-5.87418e-98
-1.02129e-102
-1.76477e-107
-3.05381e-112
-5.32123e-117
-9.38494e-122
-1.68446e-126
-3.09465e-131
-5.85371e-136
-1.1464e-140
-2.33571e-145
-4.9683e-150
-1.10477e-154
0
0
0
0
0
0
0
0
0
0
0
0
0
0
0
0
0
0
0
0
0
0
0
0
0
0
0
0
0
0
0
0
0
0
0
0
0
0
0
0
0
0
0
0
0
0
0
0
0
0
0
0
0
0
0
0
0
0
0
0
0
0
0
0
0
0
0
0
0
0
0
0
0
0
0
0
0
0
0
0
0
0
0
0
0
0
0
0
0
0
0
0
0
0
0
0
0
0
0
0
0
0
0
0
0
0
0
0
0
0
0
0
0
0
0
0
0
0
0
0
0
0
0
0
0
0
0
0
0
0
0
0
0
0
0
0
0
0
0
0
0
0
0
0
0
0
0
0
0
0
0
0
0
0
0
0
0
0
0
0
0
0
0
0
0
0
0
0
0
0
0
0
0
)
;
    }
    frontAndBack
    {
        type            empty;
    }
}


// ************************************************************************* //
