/*--------------------------------*- C++ -*----------------------------------*\
| =========                 |                                                 |
| \\      /  F ield         | OpenFOAM: The Open Source CFD Toolbox           |
|  \\    /   O peration     | Version:  2.1.x                                 |
|   \\  /    A nd           | Web:      www.OpenFOAM.org                      |
|    \\/     M anipulation  |                                                 |
\*---------------------------------------------------------------------------*/
FoamFile
{
    version     2.0;
    format      ascii;
    class       volScalarField;
    location    "0.004";
    object      p;
}
// * * * * * * * * * * * * * * * * * * * * * * * * * * * * * * * * * * * * * //

dimensions      [0 2 -2 0 0 0 0];

internalField   nonuniform List<scalar> 
12225
(
395.546
376.092
367.54
363.17
359.169
355.264
352.056
348.703
344.457
340.451
337.48
334.815
331.54
327.639
323.859
320.731
317.658
313.87
391.418
375.715
367.649
363.247
359.207
355.248
352.021
348.722
344.457
340.412
337.442
334.832
331.575
327.644
323.804
320.731
317.749
314.086
386.756
375.893
368.308
363.584
359.38
355.349
352.108
348.779
344.473
340.405
337.435
334.867
331.718
327.734
323.881
320.83
317.969
314.654
382.38
376.067
369.073
364.004
359.631
355.538
352.205
348.845
344.597
340.586
337.539
334.87
331.754
327.92
324.208
321.193
318.448
315.539
381.202
376.393
369.873
364.461
359.952
355.878
352.387
348.854
344.716
340.875
337.82
334.935
331.829
328.268
324.722
321.766
319.113
316.45
380.406
376.934
370.732
365.075
360.339
356.177
352.522
348.966
344.943
341.223
338.077
335.029
331.904
328.686
325.379
322.415
319.811
317.424
382.195
377.846
371.55
365.708
360.737
356.479
352.651
348.977
345.149
341.562
338.417
335.255
332.146
329.152
326.013
323.058
320.617
318.456
386.671
378.921
372.265
366.289
361.122
356.706
352.821
349.068
345.33
341.807
338.641
335.465
332.368
329.553
326.603
323.675
321.299
319.292
388.097
379.854
372.851
366.745
361.452
356.912
352.91
349.12
345.458
342.027
338.85
335.709
332.664
329.902
327.058
324.212
321.856
320.017
389.931
380.751
373.478
367.252
361.83
357.119
352.989
349.179
345.599
342.226
339.055
335.952
332.961
330.294
327.656
324.859
322.472
320.715
391.423
381.651
373.994
367.59
362.106
357.335
353.129
349.257
345.683
342.408
339.306
336.278
333.384
330.75
328.159
325.485
323.281
321.565
391.961
382.254
374.352
367.888
362.321
357.508
353.266
349.357
345.8
342.596
339.553
336.612
333.81
331.239
328.82
326.293
323.929
322.186
393.9
382.493
374.332
367.887
362.338
357.539
353.307
349.417
345.868
342.683
339.759
336.986
334.3
331.76
329.388
327.047
324.921
323.303
393.176
381.53
373.642
367.412
362.029
357.323
353.182
349.405
345.935
342.785
339.929
337.279
334.772
332.391
330.087
327.785
325.725
324.252
388.807
378.843
372
366.334
361.364
356.939
352.876
349.226
345.909
342.837
340.039
337.519
335.181
332.896
330.648
328.541
326.69
325.109
374.946
373.871
369.469
364.745
360.168
355.953
352.173
348.798
345.687
342.714
340.001
337.676
335.576
333.427
331.255
329.239
327.566
326.345
380.875
373.09
367.046
362.347
358.276
354.49
351.028
347.974
345.186
342.477
339.925
337.704
335.732
333.791
331.804
329.925
328.367
327.109
374.403
368.252
363.24
359.309
355.979
352.693
349.511
346.719
344.283
341.911
339.573
337.511
335.762
334.047
332.207
330.424
328.978
327.961
363.911
361.208
358.878
355.94
353.283
350.656
347.958
345.475
343.315
341.227
339.139
337.265
335.654
334.069
332.379
330.751
329.441
328.446
363.952
359.099
355.629
353.211
350.977
348.772
346.477
344.278
342.306
340.433
338.595
336.927
335.465
334
332.41
330.868
329.644
328.759
351.346
352.905
352.245
350.758
348.965
347.075
345.139
343.24
341.468
339.784
338.144
336.633
335.26
333.849
332.322
330.864
329.724
328.897
346.092
348.919
349.492
348.747
347.365
345.704
343.948
342.245
340.685
339.202
337.739
336.344
335.03
333.672
332.232
330.866
329.79
328.994
342.189
347.099
347.926
347.196
345.94
344.481
342.944
341.468
340.099
338.765
337.412
336.081
334.797
333.477
332.098
330.804
329.783
329.015
343
346.747
347.059
346.148
344.886
343.531
342.163
340.855
339.616
338.385
337.111
335.828
334.578
333.309
332.008
330.793
329.804
329.017
348.597
347.391
346.551
345.243
343.93
342.701
341.528
340.385
339.256
338.102
336.883
335.629
334.391
333.152
331.911
330.756
329.775
328.942
350.46
348.059
346.186
344.479
343.118
342.034
341.023
339.988
338.928
337.825
336.65
335.434
334.227
333.038
331.866
330.759
329.768
328.88
350.927
348.391
345.705
343.728
342.446
341.525
340.63
339.669
338.664
337.608
336.476
335.298
334.114
332.955
331.825
330.738
329.716
328.772
353.179
348.655
345.081
342.982
341.887
341.125
340.318
339.41
338.447
337.429
336.336
335.186
334.025
332.898
331.816
330.758
329.721
328.721
355.257
348.853
344.297
342.229
341.4
340.815
340.11
339.264
338.341
337.357
336.291
335.16
334.009
332.891
331.815
330.761
329.716
328.684
358.432
349.581
344.281
342.087
341.225
340.673
340.024
339.221
338.319
337.344
336.284
335.16
334.02
332.91
331.835
330.784
329.738
328.723
295.238
295.243
295.26
295.288
295.33
295.385
295.457
295.546
295.653
295.782
295.932
296.106
296.306
296.532
296.786
297.067
297.376
297.713
298.074
298.457
298.859
299.275
299.701
300.133
300.563
300.988
301.401
301.797
302.17
302.516
302.829
303.106
303.344
303.539
303.689
303.794
303.85
303.859
303.82
303.734
303.6
303.42
303.196
302.928
302.619
302.269
301.881
301.457
300.998
300.505
299.982
299.428
298.847
298.239
297.606
296.95
296.271
295.571
294.851
294.113
293.356
292.583
291.794
290.989
290.17
289.337
288.49
287.631
286.76
285.877
284.983
284.078
283.162
282.235
281.299
280.353
279.397
278.432
277.458
276.474
275.482
274.48
273.47
272.451
271.423
270.387
269.342
268.288
267.225
266.154
265.074
263.986
262.889
261.783
260.668
259.544
258.412
257.271
256.121
254.961
253.793
252.616
251.429
250.234
249.029
247.814
246.591
245.357
244.114
242.862
241.6
240.328
239.046
237.754
236.452
235.14
233.819
232.486
231.144
229.791
228.427
227.053
225.669
224.273
222.867
221.45
220.022
218.583
217.132
215.671
214.198
212.714
211.218
209.71
208.191
206.66
205.117
203.563
201.996
200.417
198.825
197.222
195.605
193.977
192.336
190.682
189.015
187.335
185.642
183.936
182.217
180.485
178.739
176.98
175.207
173.421
171.621
169.807
167.979
166.138
164.282
162.413
160.53
158.633
156.723
154.799
152.862
150.913
148.951
146.98
144.994
143.01
141.003
139.018
137.001
135.03
133.035
131.111
129.201
127.393
295.145
295.151
295.166
295.193
295.234
295.289
295.359
295.447
295.554
295.682
295.833
296.008
296.209
296.437
296.693
296.976
297.292
297.636
298.005
298.396
298.806
299.232
299.667
300.107
300.547
300.98
301.401
301.804
302.184
302.535
302.853
303.134
303.375
303.572
303.724
303.829
303.887
303.895
303.856
303.768
303.633
303.452
303.226
302.956
302.645
302.294
301.904
301.477
301.016
300.521
299.996
299.44
298.857
298.248
297.613
296.955
296.275
295.574
294.853
294.114
293.357
292.582
291.792
290.987
290.168
289.334
288.488
287.628
286.757
285.874
284.98
284.074
283.158
282.232
281.296
280.35
279.395
278.43
277.456
276.472
275.48
274.479
273.468
272.449
271.422
270.385
269.34
268.286
267.224
266.153
265.073
263.985
262.887
261.782
260.667
259.544
258.411
257.27
256.12
254.961
253.793
252.615
251.429
250.233
249.028
247.814
246.59
245.357
244.114
242.862
241.599
240.328
239.046
237.754
236.452
235.141
233.819
232.487
231.144
229.791
228.428
227.054
225.669
224.274
222.868
221.451
220.023
218.584
217.133
215.672
214.199
212.715
211.219
209.711
208.192
206.661
205.119
203.564
201.997
200.418
198.827
197.223
195.607
193.978
192.337
190.683
189.016
187.337
185.644
183.938
182.219
180.487
178.741
176.982
175.209
173.423
171.623
169.809
167.981
166.14
164.284
162.415
160.532
158.635
156.724
154.801
152.863
150.914
148.951
146.981
144.994
143.01
141.002
139.014
136.999
135.017
133.031
131.08
129.174
127.326
294.958
294.962
294.976
295.001
295.039
295.091
295.16
295.245
295.351
295.478
295.629
295.805
296.009
296.241
296.502
296.789
297.118
297.474
297.856
298.262
298.688
299.13
299.583
300.041
300.497
300.946
301.382
301.798
302.19
302.551
302.877
303.165
303.411
303.612
303.766
303.873
303.93
303.939
303.898
303.808
303.671
303.487
303.258
302.985
302.671
302.316
301.923
301.493
301.029
300.532
300.004
299.446
298.861
298.25
297.614
296.954
296.273
295.571
294.849
294.108
293.35
292.576
291.785
290.98
290.16
289.326
288.48
287.621
286.749
285.866
284.972
284.067
283.152
282.226
281.29
280.344
279.389
278.424
277.45
276.467
275.475
274.473
273.464
272.445
271.417
270.381
269.336
268.283
267.221
266.15
265.07
263.982
262.885
261.779
260.664
259.541
258.409
257.268
256.118
254.959
253.791
252.614
251.427
250.232
249.027
247.812
246.589
245.356
244.113
242.861
241.598
240.327
239.045
237.753
236.452
235.14
233.818
232.486
231.143
229.79
228.427
227.053
225.669
224.273
222.867
221.45
220.022
218.583
217.133
215.671
214.198
212.714
211.218
209.711
208.192
206.661
205.118
203.563
201.997
200.418
198.826
197.223
195.607
193.978
192.337
190.683
189.016
187.336
185.644
183.938
182.219
180.486
178.741
176.982
175.209
173.422
171.622
169.808
167.981
166.139
164.284
162.414
160.531
158.634
156.723
154.799
152.862
150.912
148.949
146.977
144.99
143.003
140.996
139
136.988
134.988
133.006
131.02
129.095
127.155
294.668
294.671
294.682
294.703
294.737
294.784
294.847
294.928
295.03
295.154
295.303
295.48
295.688
295.928
296.203
296.516
296.845
297.213
297.613
298.041
298.492
298.961
299.441
299.925
300.408
300.882
301.34
301.777
302.186
302.563
302.902
303.2
303.454
303.661
303.82
303.929
303.987
303.995
303.953
303.862
303.722
303.535
303.302
303.026
302.708
302.349
301.952
301.519
301.051
300.551
300.019
299.459
298.871
298.257
297.619
296.957
296.274
295.57
294.847
294.106
293.347
292.571
291.78
290.974
290.154
289.32
288.473
287.614
286.742
285.86
284.965
284.06
283.145
282.219
281.283
280.338
279.383
278.418
277.444
276.462
275.47
274.469
273.459
272.441
271.413
270.377
269.333
268.279
267.217
266.146
265.067
263.979
262.882
261.776
260.662
259.539
258.407
257.266
256.116
254.957
253.789
252.612
251.426
250.23
249.025
247.811
246.588
245.354
244.112
242.86
241.598
240.326
239.044
237.752
236.451
235.139
233.817
232.485
231.143
229.79
228.427
227.053
225.668
224.273
222.867
221.45
220.022
218.583
217.133
215.671
214.198
212.714
211.218
209.711
208.192
206.661
205.118
203.563
201.997
200.418
198.826
197.223
195.607
193.978
192.337
190.683
189.016
187.336
185.644
183.938
182.219
180.486
178.741
176.982
175.209
173.422
171.622
169.808
167.981
166.139
164.283
162.414
160.53
158.633
156.722
154.797
152.86
150.909
148.946
146.972
144.985
142.992
140.988
138.981
136.972
134.955
132.963
130.951
128.986
126.981
294.267
294.268
294.274
294.289
294.316
294.355
294.409
294.48
294.573
294.689
294.833
295.008
295.215
295.459
295.741
296.061
296.417
296.812
297.243
297.705
298.193
298.701
299.22
299.744
300.264
300.774
301.264
301.73
302.165
302.563
302.921
303.234
303.5
303.716
303.881
303.994
304.054
304.063
304.02
303.926
303.784
303.593
303.356
303.076
302.753
302.39
301.988
301.551
301.079
300.574
300.039
299.475
298.884
298.267
297.627
296.963
296.277
295.572
294.847
294.104
293.344
292.568
291.776
290.969
290.148
289.314
288.467
287.607
286.736
285.853
284.958
284.053
283.138
282.212
281.277
280.331
279.376
278.412
277.439
276.456
275.464
274.463
273.454
272.436
271.409
270.373
269.328
268.275
267.213
266.143
265.064
263.976
262.879
261.773
260.659
259.536
258.404
257.264
256.114
254.955
253.787
252.61
251.424
250.229
249.024
247.81
246.586
245.353
244.111
242.858
241.597
240.325
239.043
237.752
236.45
235.138
233.817
232.485
231.142
229.789
228.426
227.052
225.668
224.273
222.867
221.45
220.022
218.583
217.132
215.671
214.198
212.714
211.218
209.711
208.192
206.661
205.118
203.563
201.997
200.418
198.826
197.223
195.607
193.978
192.337
190.683
189.016
187.336
185.644
183.938
182.219
180.487
178.741
176.982
175.209
173.422
171.622
169.808
167.98
166.138
164.283
162.413
160.529
158.632
156.72
154.796
152.857
150.906
148.942
146.966
144.978
142.981
140.976
138.961
136.949
134.92
132.912
130.881
128.868
126.823
293.744
293.742
293.742
293.747
293.761
293.785
293.823
293.877
293.953
294.054
294.185
294.349
294.553
294.797
295.087
295.423
295.804
296.232
296.704
297.214
297.754
298.316
298.891
299.47
300.042
300.601
301.136
301.642
302.112
302.54
302.923
303.257
303.539
303.768
303.943
304.062
304.127
304.137
304.094
303.999
303.854
303.66
303.419
303.134
302.806
302.438
302.031
301.589
301.112
300.603
300.064
299.496
298.902
298.281
297.637
296.971
296.283
295.576
294.849
294.105
293.343
292.565
291.772
290.965
290.143
289.309
288.461
287.601
286.729
285.846
284.952
284.047
283.131
282.206
281.27
280.325
279.37
278.406
277.433
276.45
275.459
274.458
273.449
272.431
271.404
270.368
269.324
268.271
267.209
266.139
265.06
263.972
262.876
261.771
260.656
259.534
258.402
257.261
256.112
254.953
253.785
252.608
251.422
250.227
249.022
247.808
246.585
245.352
244.109
242.857
241.595
240.324
239.042
237.751
236.449
235.138
233.816
232.484
231.142
229.789
228.426
227.052
225.667
224.272
222.866
221.449
220.021
218.582
217.132
215.671
214.198
212.714
211.218
209.711
208.192
206.661
205.118
203.563
201.997
200.418
198.826
197.223
195.607
193.978
192.337
190.683
189.016
187.337
185.644
183.938
182.219
180.487
178.741
176.982
175.209
173.422
171.622
169.808
167.98
166.138
164.282
162.412
160.528
158.631
156.719
154.793
152.854
150.902
148.937
146.959
144.97
142.969
140.962
138.94
136.921
134.882
132.856
130.807
128.754
126.673
293.087
293.081
293.07
293.06
293.052
293.052
293.062
293.086
293.132
293.203
293.307
293.45
293.638
293.877
294.17
294.522
294.931
295.402
295.929
296.503
297.116
297.754
298.406
299.061
299.705
300.331
300.927
301.488
302.005
302.475
302.892
303.255
303.561
303.808
303.997
304.127
304.198
304.213
304.171
304.076
303.929
303.731
303.487
303.197
302.864
302.491
302.079
301.631
301.15
300.636
300.092
299.52
298.922
298.298
297.651
296.982
296.291
295.581
294.853
294.106
293.343
292.564
291.77
290.962
290.14
289.304
288.456
287.595
286.723
285.84
284.946
284.041
283.125
282.199
281.264
280.319
279.364
278.4
277.427
276.445
275.453
274.453
273.444
272.426
271.399
270.364
269.32
268.267
267.206
266.135
265.057
263.969
262.873
261.767
260.654
259.531
258.399
257.259
256.109
254.951
253.783
252.606
251.42
250.225
249.021
247.807
246.583
245.351
244.108
242.856
241.594
240.323
239.041
237.75
236.448
235.137
233.815
232.483
231.141
229.788
228.425
227.051
225.667
224.272
222.866
221.449
220.021
218.582
217.132
215.671
214.198
212.714
211.218
209.711
208.192
206.661
205.118
203.563
201.997
200.418
198.826
197.223
195.607
193.978
192.337
190.683
189.016
187.337
185.644
183.938
182.219
180.487
178.741
176.982
175.209
173.422
171.622
169.808
167.98
166.138
164.282
162.411
160.527
158.629
156.717
154.791
152.851
150.897
148.931
146.951
144.961
142.956
140.945
138.917
136.89
134.842
132.795
130.731
128.645
126.53
292.285
292.273
292.244
292.209
292.169
292.127
292.091
292.065
292.057
292.075
292.129
292.227
292.38
292.597
292.883
293.244
293.682
294.208
294.809
295.472
296.185
296.93
297.691
298.451
299.197
299.915
300.596
301.231
301.815
302.341
302.807
303.209
303.548
303.822
304.032
304.177
304.26
304.282
304.245
304.151
304.004
303.804
303.556
303.262
302.924
302.546
302.129
301.676
301.189
300.671
300.123
299.546
298.944
298.316
297.666
296.993
296.301
295.588
294.857
294.109
293.345
292.564
291.769
290.959
290.136
289.3
288.451
287.59
286.718
285.834
284.94
284.035
283.119
282.194
281.258
280.313
279.358
278.394
277.421
276.439
275.448
274.448
273.439
272.421
271.395
270.36
269.316
268.263
267.202
266.132
265.053
263.966
262.869
261.764
260.651
259.528
258.397
257.256
256.107
254.948
253.781
252.604
251.418
250.223
249.019
247.805
246.582
245.349
244.107
242.855
241.593
240.322
239.04
237.749
236.447
235.136
233.814
232.483
231.14
229.788
228.425
227.051
225.666
224.271
222.865
221.448
220.021
218.582
217.132
215.67
214.198
212.713
211.218
209.71
208.191
206.661
205.118
203.563
201.997
200.418
198.826
197.223
195.607
193.978
192.337
190.683
189.016
187.337
185.644
183.938
182.219
180.487
178.741
176.982
175.209
173.422
171.622
169.807
167.979
166.137
164.281
162.41
160.526
158.627
156.714
154.788
152.847
150.892
148.925
146.943
144.95
142.942
140.926
138.893
136.856
134.8
132.736
130.655
128.54
126.398
291.345
291.319
291.267
291.187
291.091
290.983
290.87
290.759
290.659
290.583
290.544
290.557
290.638
290.8
291.056
291.411
291.862
292.467
293.167
293.953
294.808
295.707
296.622
297.536
298.425
299.275
300.076
300.818
301.495
302.102
302.635
303.095
303.481
303.794
304.034
304.204
304.304
304.339
304.309
304.22
304.074
303.874
303.624
303.326
302.984
302.601
302.179
301.721
301.23
300.706
300.153
299.573
298.966
298.335
297.681
297.006
296.31
295.596
294.863
294.113
293.346
292.565
291.768
290.958
290.133
289.296
288.447
287.586
286.713
285.829
284.934
284.029
283.113
282.188
281.252
280.307
279.353
278.389
277.416
276.434
275.443
274.443
273.434
272.416
271.39
270.355
269.311
268.259
267.198
266.128
265.049
263.962
262.866
261.761
260.648
259.525
258.394
257.254
256.104
254.946
253.779
252.602
251.417
250.222
249.017
247.804
246.58
245.348
244.105
242.854
241.592
240.32
239.039
237.748
236.447
235.135
233.814
232.482
231.14
229.787
228.424
227.05
225.666
224.271
222.865
221.448
220.02
218.582
217.131
215.67
214.197
212.713
211.218
209.71
208.191
206.661
205.118
203.563
201.997
200.418
198.826
197.223
195.607
193.978
192.337
190.683
189.016
187.337
185.644
183.938
182.219
180.487
178.741
176.982
175.209
173.422
171.621
169.807
167.979
166.136
164.28
162.409
160.524
158.625
156.712
154.784
152.843
150.887
148.918
146.934
144.938
142.928
140.906
138.868
136.822
134.756
132.677
130.578
128.443
126.276
290.214
290.18
290.084
289.955
289.783
289.577
289.345
289.096
288.848
288.61
288.41
288.265
288.202
288.251
288.434
288.778
289.304
289.914
290.713
291.657
292.721
293.846
294.994
296.139
297.242
298.292
299.27
300.17
300.983
301.708
302.34
302.882
303.337
303.706
303.991
304.195
304.321
304.375
304.358
304.277
304.135
303.937
303.686
303.386
303.041
302.654
302.227
301.765
301.269
300.741
300.184
299.599
298.988
298.354
297.697
297.019
296.32
295.603
294.868
294.116
293.348
292.565
291.767
290.956
290.131
289.293
288.443
287.581
286.708
285.824
284.929
284.023
283.108
282.182
281.246
280.301
279.347
278.383
277.41
276.428
275.437
274.438
273.429
272.412
271.385
270.351
269.307
268.255
267.194
266.124
265.046
263.959
262.863
261.758
260.645
259.522
258.391
257.251
256.102
254.944
253.777
252.6
251.415
250.22
249.016
247.802
246.579
245.346
244.104
242.852
241.591
240.319
239.038
237.747
236.446
235.134
233.813
232.481
231.139
229.786
228.423
227.05
225.665
224.27
222.865
221.448
220.02
218.581
217.131
215.67
214.197
212.713
211.217
209.71
208.191
206.66
205.118
203.563
201.997
200.418
198.826
197.223
195.607
193.978
192.337
190.683
189.016
187.337
185.644
183.938
182.219
180.487
178.741
176.981
175.208
173.422
171.621
169.807
167.978
166.136
164.279
162.408
160.523
158.623
156.709
154.781
152.838
150.881
148.91
146.925
144.926
142.912
140.886
138.842
136.787
134.712
132.618
130.504
128.351
126.163
289.126
289.039
288.869
288.622
288.307
287.929
287.501
287.031
286.528
286.02
285.52
285.083
284.737
284.532
284.519
284.721
285.175
285.885
286.854
288.041
289.435
290.922
292.447
293.967
295.413
296.779
298.036
299.178
300.198
301.097
301.873
302.536
303.09
303.539
303.888
304.141
304.305
304.385
304.388
304.319
304.184
303.99
303.74
303.439
303.091
302.701
302.271
301.805
301.304
300.772
300.211
299.623
299.009
298.371
297.711
297.03
296.33
295.61
294.873
294.12
293.35
292.566
291.767
290.954
290.128
289.29
288.439
287.577
286.703
285.819
284.924
284.018
283.102
282.176
281.241
280.296
279.341
278.378
277.405
276.423
275.432
274.433
273.424
272.407
271.381
270.346
269.303
268.251
267.19
266.12
265.042
263.955
262.86
261.755
260.642
259.52
258.388
257.248
256.1
254.942
253.774
252.598
251.413
250.218
249.014
247.8
246.577
245.345
244.103
242.851
241.589
240.318
239.037
237.746
236.445
235.133
233.812
232.48
231.138
229.786
228.423
227.049
225.665
224.27
222.864
221.447
220.02
218.581
217.131
215.67
214.197
212.713
211.217
209.71
208.191
206.66
205.118
203.563
201.996
200.418
198.826
197.223
195.607
193.978
192.337
190.683
189.017
187.337
185.644
183.938
182.219
180.487
178.741
176.981
175.208
173.421
171.621
169.806
167.978
166.135
164.278
162.407
160.521
158.621
156.706
154.777
152.834
150.876
148.903
146.915
144.914
142.896
140.865
138.816
136.752
134.668
132.562
130.434
128.265
126.059
287.735
287.627
287.4
287.049
286.594
286.022
285.326
284.513
283.601
282.627
281.635
280.659
279.789
279.083
278.633
278.498
278.749
279.468
280.616
282.167
284.101
286.21
288.39
290.549
292.571
294.451
296.158
297.684
299.027
300.187
301.18
302.019
302.716
303.278
303.715
304.036
304.25
304.366
304.394
304.342
304.218
304.029
303.782
303.482
303.133
302.741
302.309
301.839
301.335
300.8
300.236
299.644
299.027
298.387
297.724
297.041
296.338
295.616
294.878
294.122
293.352
292.566
291.766
290.952
290.126
289.287
288.436
287.573
286.699
285.814
284.918
284.012
283.096
282.171
281.235
280.29
279.336
278.372
277.399
276.418
275.427
274.427
273.419
272.402
271.376
270.342
269.298
268.246
267.186
266.116
265.038
263.952
262.856
261.752
260.639
259.517
258.386
257.246
256.097
254.939
253.772
252.596
251.411
250.216
249.012
247.799
246.576
245.343
244.101
242.85
241.588
240.317
239.036
237.745
236.444
235.133
233.811
232.48
231.138
229.785
228.422
227.049
225.665
224.27
222.864
221.447
220.019
218.581
217.131
215.669
214.197
212.713
211.217
209.71
208.191
206.66
205.118
203.563
201.996
200.418
198.827
197.223
195.607
193.979
192.337
190.683
189.017
187.337
185.644
183.938
182.219
180.487
178.741
176.981
175.208
173.421
171.62
169.806
167.977
166.134
164.277
162.405
160.519
158.619
156.703
154.774
152.829
150.869
148.895
146.905
144.901
142.88
140.844
138.789
136.718
134.625
132.509
130.367
128.185
125.964
286.64
286.529
286.191
285.656
284.891
283.934
282.806
281.495
279.997
278.294
276.45
274.544
272.672
270.981
269.607
268.722
268.492
269.098
270.436
272.529
275.312
278.483
281.819
285.082
288.112
290.868
293.336
295.501
297.36
298.913
300.225
301.317
302.209
302.923
303.475
303.882
304.158
304.318
304.376
304.344
304.234
304.053
303.81
303.512
303.165
302.772
302.337
301.866
301.36
300.822
300.255
299.661
299.042
298.399
297.734
297.049
296.344
295.621
294.881
294.124
293.352
292.565
291.764
290.95
290.123
289.283
288.432
287.568
286.694
285.809
284.913
284.007
283.091
282.165
281.23
280.285
279.33
278.367
277.394
276.412
275.422
274.422
273.414
272.397
271.372
270.337
269.294
268.242
267.182
266.113
265.035
263.948
262.853
261.749
260.636
259.514
258.383
257.243
256.094
254.937
253.77
252.594
251.409
250.214
249.01
247.797
246.574
245.342
244.1
242.848
241.587
240.316
239.035
237.744
236.443
235.132
233.81
232.479
231.137
229.784
228.422
227.048
225.664
224.269
222.863
221.447
220.019
218.58
217.13
215.669
214.197
212.713
211.217
209.71
208.191
206.66
205.118
203.563
201.996
200.418
198.827
197.223
195.607
193.979
192.337
190.683
189.017
187.337
185.644
183.938
182.219
180.487
178.741
176.981
175.208
173.421
171.62
169.805
167.976
166.133
164.276
162.404
160.517
158.616
156.7
154.77
152.824
150.863
148.887
146.895
144.888
142.864
140.823
138.763
136.685
134.584
132.457
130.303
128.11
125.876
285.846
285.592
285.052
284.299
283.343
282.124
280.523
278.483
275.98
273.08
269.826
266.312
262.694
259.244
256.237
253.957
252.788
252.994
254.466
257.345
261.423
266.303
271.543
276.68
281.43
285.668
289.367
292.529
295.157
297.308
299.06
300.478
301.616
302.513
303.201
303.705
304.049
304.255
304.344
304.332
304.234
304.062
303.825
303.53
303.183
302.791
302.356
301.884
301.377
300.838
300.269
299.673
299.052
298.408
297.741
297.054
296.348
295.624
294.882
294.125
293.352
292.564
291.762
290.947
290.119
289.279
288.427
287.564
286.689
285.804
284.908
284.002
283.085
282.159
281.224
280.279
279.325
278.361
277.389
276.407
275.417
274.417
273.409
272.392
271.367
270.333
269.29
268.238
267.178
266.109
265.031
263.945
262.849
261.745
260.632
259.511
258.38
257.241
256.092
254.934
253.768
252.592
251.406
250.212
249.008
247.795
246.572
245.34
244.099
242.847
241.586
240.315
239.034
237.743
236.442
235.131
233.81
232.478
231.136
229.784
228.421
227.048
225.664
224.269
222.863
221.446
220.019
218.58
217.13
215.669
214.196
212.712
211.217
209.71
208.191
206.66
205.118
203.563
201.996
200.418
198.827
197.223
195.607
193.979
192.338
190.684
189.017
187.337
185.644
183.938
182.219
180.487
178.741
176.981
175.208
173.421
171.62
169.805
167.976
166.132
164.275
162.402
160.516
158.614
156.697
154.766
152.819
150.857
148.879
146.885
144.875
142.848
140.803
138.737
136.653
134.544
132.409
130.244
128.041
125.796
285.637
285.256
284.544
283.521
282.153
280.371
278.091
275.206
271.579
267.114
261.789
255.746
249.439
243.397
238.058
233.883
231.401
231.013
233.097
237.42
243.44
250.541
258.201
265.81
272.875
279.167
284.536
289.024
292.656
295.563
297.85
299.637
301.032
302.115
302.939
303.541
303.951
304.199
304.313
304.317
304.228
304.062
303.829
303.537
303.193
302.801
302.367
301.895
301.387
300.847
300.277
299.68
299.058
298.413
297.745
297.057
296.35
295.624
294.882
294.124
293.35
292.561
291.759
290.944
290.115
289.275
288.423
287.559
286.684
285.798
284.902
283.996
283.08
282.154
281.218
280.273
279.319
278.356
277.383
276.402
275.412
274.412
273.404
272.388
271.362
270.328
269.285
268.234
267.174
266.105
265.027
263.941
262.846
261.742
260.629
259.508
258.377
257.238
256.089
254.932
253.765
252.589
251.404
250.21
249.006
247.793
246.571
245.339
244.097
242.846
241.584
240.313
239.033
237.742
236.441
235.13
233.809
232.477
231.135
229.783
228.42
227.047
225.663
224.268
222.863
221.446
220.018
218.58
217.13
215.669
214.196
212.712
211.217
209.71
208.191
206.66
205.118
203.563
201.996
200.418
198.827
197.223
195.607
193.979
192.338
190.684
189.017
187.337
185.644
183.938
182.219
180.487
178.74
176.981
175.208
173.42
171.619
169.804
167.975
166.132
164.274
162.401
160.514
158.612
156.695
154.762
152.814
150.851
148.872
146.876
144.863
142.832
140.783
138.713
136.622
134.506
132.363
130.19
127.977
125.723
286.396
285.938
285.067
283.803
282.036
279.747
276.748
272.735
267.593
261.151
253.315
244.276
234.785
225.742
217.865
211.792
208.306
207.969
210.629
216.538
224.997
234.674
244.796
254.876
264.306
272.761
279.843
285.822
290.562
294.212
296.976
299.057
300.631
301.832
302.744
303.414
303.873
304.152
304.284
304.297
304.215
304.054
303.825
303.536
303.194
302.804
302.372
301.9
301.392
300.852
300.282
299.684
299.061
298.415
297.746
297.058
296.35
295.624
294.881
294.122
293.347
292.558
291.756
290.94
290.111
289.27
288.417
287.553
286.679
285.793
284.897
283.99
283.074
282.148
281.213
280.268
279.314
278.35
277.378
276.397
275.406
274.407
273.4
272.383
271.358
270.324
269.281
268.23
267.17
266.101
265.024
263.937
262.842
261.739
260.626
259.505
258.374
257.235
256.087
254.929
253.763
252.587
251.402
250.208
249.004
247.792
246.569
245.337
244.096
242.844
241.583
240.312
239.031
237.741
236.44
235.129
233.808
232.476
231.135
229.783
228.42
227.047
225.663
224.268
222.862
221.446
220.018
218.579
217.13
215.668
214.196
212.712
211.217
209.71
208.191
206.66
205.118
203.563
201.997
200.418
198.827
197.223
195.607
193.979
192.338
190.684
189.017
187.337
185.645
183.939
182.219
180.487
178.74
176.981
175.207
173.42
171.619
169.804
167.974
166.131
164.273
162.4
160.512
158.609
156.692
154.759
152.81
150.845
148.864
146.866
144.851
142.817
140.764
138.689
136.593
134.471
132.321
130.139
127.919
125.657
288.411
287.85
286.793
285.274
283.214
280.505
276.928
271.828
265.082
256.455
245.836
233.529
220.569
208.179
197.451
189.493
185.385
184.283
187.968
197.145
210.343
223.628
236.121
247.841
258.696
268.502
276.991
284.064
289.611
293.713
296.683
298.862
300.484
301.703
302.628
303.317
303.799
304.097
304.241
304.262
304.185
304.029
303.804
303.52
303.183
302.797
302.366
301.896
301.39
300.85
300.281
299.683
299.06
298.414
297.745
297.056
296.348
295.621
294.878
294.119
293.344
292.555
291.752
290.935
290.106
289.265
288.412
287.548
286.673
285.788
284.891
283.985
283.069
282.143
281.207
280.262
279.308
278.345
277.373
276.391
275.401
274.402
273.395
272.378
271.353
270.319
269.277
268.226
267.166
266.097
265.02
263.934
262.839
261.735
260.623
259.502
258.371
257.232
256.084
254.927
253.76
252.585
251.4
250.206
249.003
247.79
246.568
245.336
244.094
242.843
241.582
240.311
239.03
237.74
236.439
235.128
233.807
232.476
231.134
229.782
228.419
227.046
225.662
224.267
222.862
221.445
220.018
218.579
217.129
215.668
214.196
212.712
211.217
209.709
208.191
206.66
205.118
203.563
201.997
200.418
198.827
197.223
195.607
193.979
192.338
190.684
189.017
187.337
185.645
183.939
182.219
180.487
178.74
176.981
175.207
173.42
171.619
169.803
167.974
166.13
164.271
162.398
160.51
158.607
156.689
154.755
152.805
150.84
148.857
146.857
144.839
142.803
140.746
138.668
136.566
134.439
132.282
130.093
127.866
125.596
291.655
290.952
289.739
288.097
285.947
283.077
279.147
273.544
265.974
256.176
244.015
229.922
215.08
201.005
188.98
179.863
174.882
176.394
181.924
192.197
207.015
221.678
233.965
244.925
255.846
266.475
275.835
283.359
289.087
293.281
296.287
298.487
300.158
301.44
302.408
303.126
303.636
303.967
304.141
304.185
304.125
303.98
303.765
303.488
303.156
302.774
302.348
301.88
301.376
300.838
300.27
299.674
299.052
298.406
297.738
297.05
296.342
295.616
294.872
294.113
293.338
292.549
291.746
290.93
290.101
289.26
288.407
287.543
286.668
285.782
284.885
283.979
283.063
282.137
281.202
280.257
279.303
278.34
277.367
276.386
275.396
274.397
273.39
272.374
271.349
270.315
269.273
268.221
267.162
266.093
265.016
263.93
262.836
261.732
260.62
259.499
258.369
257.229
256.081
254.924
253.758
252.583
251.398
250.204
249.001
247.788
246.566
245.334
244.093
242.841
241.58
240.31
239.029
237.739
236.438
235.127
233.806
232.475
231.133
229.781
228.419
227.045
225.662
224.267
222.861
221.445
220.017
218.579
217.129
215.668
214.196
212.712
211.216
209.709
208.191
206.66
205.118
203.563
201.997
200.418
198.827
197.223
195.607
193.979
192.338
190.684
189.017
187.337
185.645
183.939
182.219
180.487
178.74
176.981
175.207
173.42
171.618
169.803
167.973
166.129
164.27
162.397
160.509
158.605
156.686
154.752
152.801
150.834
148.85
146.849
144.829
142.789
140.73
138.647
136.541
134.409
132.246
130.052
127.818
125.542
294.866
293.991
292.778
291.285
289.383
286.841
283.362
278.263
271.168
261.896
250.562
237.565
223.897
210.897
200.194
191.867
187.21
188.268
193.358
201.709
214.585
227.75
237.705
246.267
256.067
266.64
276.219
283.731
289.061
292.796
295.601
297.792
299.518
300.892
301.97
302.782
303.363
303.753
303.986
304.082
304.057
303.933
303.729
303.458
303.131
302.753
302.328
301.863
301.361
300.825
300.258
299.663
299.042
298.398
297.73
297.042
296.335
295.609
294.866
294.107
293.332
292.543
291.74
290.924
290.095
289.254
288.401
287.537
286.662
285.776
284.88
283.974
283.058
282.132
281.196
280.252
279.298
278.335
277.363
276.381
275.392
274.393
273.385
272.369
271.344
270.311
269.269
268.218
267.158
266.09
265.013
263.927
262.832
261.729
260.617
259.496
258.366
257.227
256.079
254.922
253.756
252.58
251.396
250.202
248.999
247.786
246.564
245.332
244.091
242.84
241.579
240.309
239.028
237.738
236.437
235.126
233.805
232.474
231.132
229.78
228.418
227.045
225.661
224.266
222.861
221.444
220.017
218.578
217.129
215.668
214.195
212.712
211.216
209.709
208.19
206.66
205.117
203.563
201.996
200.418
198.826
197.223
195.607
193.979
192.338
190.684
189.017
187.337
185.644
183.938
182.219
180.486
178.74
176.98
175.207
173.419
171.618
169.802
167.972
166.128
164.269
162.395
160.507
158.603
156.683
154.748
152.797
150.829
148.843
146.84
144.818
142.777
140.714
138.628
136.519
134.381
132.214
130.014
127.774
125.494
296.675
295.797
295.104
294.039
292.474
290.337
287.296
282.934
276.921
269.15
259.605
248.652
236.771
225.038
215.394
207.476
202.158
202.538
207.021
213.994
224.223
234.732
242.614
249.898
259.008
268.886
277.427
284.188
289.348
292.977
295.627
297.739
299.448
300.81
301.854
302.627
303.19
303.592
303.861
303.999
304.007
303.901
303.705
303.439
303.113
302.736
302.312
301.848
301.347
300.813
300.247
299.654
299.034
298.39
297.724
297.036
296.329
295.604
294.861
294.102
293.328
292.539
291.736
290.92
290.091
289.25
288.397
287.533
286.657
285.772
284.876
283.969
283.053
282.127
281.192
280.247
279.294
278.331
277.359
276.377
275.388
274.389
273.382
272.366
271.341
270.307
269.265
268.215
267.155
266.087
265.01
263.924
262.83
261.726
260.614
259.493
258.363
257.225
256.077
254.92
253.754
252.579
251.394
250.2
248.997
247.785
246.562
245.331
244.09
242.839
241.578
240.308
239.027
237.737
236.436
235.125
233.805
232.473
231.132
229.78
228.417
227.044
225.66
224.266
222.86
221.444
220.017
218.578
217.128
215.667
214.195
212.711
211.216
209.709
208.19
206.66
205.117
203.563
201.996
200.418
198.826
197.223
195.607
193.979
192.338
190.684
189.017
187.337
185.644
183.938
182.219
180.486
178.74
176.98
175.207
173.419
171.618
169.802
167.972
166.127
164.268
162.394
160.505
158.601
156.681
154.745
152.793
150.824
148.838
146.833
144.81
142.766
140.701
138.612
136.499
134.357
132.185
129.98
127.736
125.451
297.408
296.917
297.05
296.588
295.593
293.996
291.505
288.166
283.58
277.285
269.34
260.299
250.022
239.654
231.116
224.123
218.959
218.208
221.136
226.267
234.01
242.067
248.54
255.449
264.188
273.135
280.246
285.455
289.857
293.418
296.07
298.145
299.853
301.211
302.181
302.826
303.264
303.586
303.827
303.969
303.988
303.888
303.692
303.424
303.097
302.719
302.296
301.833
301.333
300.8
300.236
299.644
299.025
298.382
297.717
297.03
296.324
295.598
294.856
294.097
293.323
292.534
291.731
290.915
290.086
289.245
288.392
287.528
286.653
285.767
284.871
283.965
283.049
282.123
281.188
280.243
279.29
278.327
277.355
276.374
275.384
274.386
273.378
272.362
271.338
270.304
269.262
268.212
267.152
266.084
265.007
263.922
262.827
261.724
260.612
259.491
258.361
257.223
256.075
254.918
253.752
252.577
251.393
250.199
248.996
247.783
246.561
245.33
244.088
242.838
241.577
240.307
239.026
237.736
236.435
235.125
233.804
232.473
231.131
229.779
228.417
227.044
225.66
224.265
222.86
221.444
220.016
218.578
217.128
215.667
214.195
212.711
211.216
209.709
208.19
206.66
205.117
203.563
201.996
200.417
198.826
197.223
195.607
193.979
192.338
190.684
189.017
187.337
185.644
183.938
182.219
180.486
178.74
176.98
175.206
173.419
171.617
169.801
167.971
166.127
164.268
162.393
160.504
158.6
156.679
154.743
152.79
150.82
148.833
146.827
144.802
142.756
140.689
138.598
136.481
134.336
132.161
129.951
127.703
125.414
298.405
298.183
298.852
298.983
298.57
297.383
295.485
292.974
289.179
283.903
277.627
270.201
261.506
252.552
244.828
238.775
234.206
232.76
234.531
238.072
243.592
249.522
254.608
260.682
268.524
276.682
283.3
287.754
291.228
294.254
296.621
298.398
299.876
301.172
302.21
302.928
303.362
303.633
303.837
303.967
303.98
303.874
303.675
303.405
303.078
302.7
302.278
301.816
301.318
300.787
300.225
299.634
299.017
298.375
297.71
297.024
296.318
295.593
294.851
294.092
293.318
292.53
291.727
290.911
290.082
289.241
288.388
287.524
286.649
285.763
284.867
283.961
283.045
282.12
281.184
280.24
279.286
278.323
277.351
276.37
275.381
274.382
273.375
272.359
271.335
270.301
269.259
268.209
267.149
266.081
265.005
263.919
262.825
261.722
260.61
259.489
258.359
257.221
256.073
254.916
253.75
252.575
251.391
250.197
248.994
247.782
246.56
245.328
244.087
242.837
241.576
240.306
239.025
237.735
236.434
235.124
233.803
232.472
231.131
229.779
228.416
227.043
225.66
224.265
222.86
221.443
220.016
218.578
217.128
215.667
214.195
212.711
211.216
209.709
208.19
206.66
205.117
203.563
201.996
200.417
198.826
197.223
195.607
193.979
192.338
190.684
189.017
187.337
185.644
183.938
182.219
180.486
178.74
176.98
175.206
173.419
171.617
169.801
167.971
166.126
164.267
162.393
160.503
158.598
156.678
154.741
152.787
150.817
148.829
146.822
144.795
142.748
140.679
138.585
136.466
134.318
132.139
129.927
127.675
125.382
300.268
300.128
300.68
301.275
301.272
300.431
298.938
296.62
293.299
289.194
284.166
277.873
270.777
262.939
255.882
250.517
246.378
244.637
245.561
247.609
250.863
255.518
260.97
267.122
273.13
278.844
284.494
288.888
291.942
294.588
296.973
298.76
300.043
301.061
301.92
302.677
303.26
303.621
303.839
303.963
303.966
303.846
303.64
303.371
303.048
302.674
302.256
301.797
301.303
300.774
300.214
299.625
299.009
298.368
297.704
297.018
296.313
295.588
294.846
294.088
293.314
292.525
291.723
290.907
290.078
289.237
288.384
287.52
286.645
285.76
284.864
283.958
283.042
282.116
281.181
280.236
279.283
278.32
277.348
276.367
275.378
274.379
273.372
272.356
271.332
270.299
269.257
268.206
267.147
266.079
265.002
263.917
262.823
261.72
260.608
259.487
258.357
257.219
256.071
254.915
253.749
252.574
251.389
250.196
248.993
247.78
246.559
245.327
244.086
242.835
241.575
240.305
239.024
237.734
236.434
235.123
233.803
232.471
231.13
229.778
228.416
227.043
225.659
224.265
222.859
221.443
220.016
218.577
217.128
215.667
214.195
212.711
211.215
209.709
208.19
206.66
205.117
203.563
201.996
200.417
198.826
197.223
195.607
193.979
192.338
190.684
189.017
187.337
185.644
183.938
182.219
180.486
178.74
176.98
175.206
173.419
171.617
169.801
167.971
166.126
164.266
162.392
160.502
158.597
156.676
154.739
152.785
150.814
148.825
146.817
144.79
142.741
140.67
138.575
136.453
134.303
132.122
129.906
127.652
125.356
302.513
301.892
302.444
303.409
303.641
302.992
301.635
299.597
296.758
293.133
288.611
283.578
277.666
270.594
264.162
258.89
255
253.087
252.661
253.556
256.13
260.31
265.608
271.899
277.396
281.774
286.386
290.267
292.806
294.848
296.912
298.82
300.329
301.339
302.059
302.721
303.258
303.608
303.839
303.972
303.969
303.83
303.604
303.33
303.01
302.643
302.231
301.778
301.287
300.762
300.204
299.617
299.002
298.362
297.699
297.013
296.308
295.584
294.842
294.084
293.31
292.522
291.719
290.903
290.074
289.233
288.381
287.517
286.642
285.756
284.86
283.954
283.038
282.113
281.177
280.233
279.279
278.317
277.345
276.364
275.375
274.376
273.369
272.354
271.329
270.296
269.254
268.204
267.145
266.077
265
263.915
262.821
261.718
260.606
259.485
258.356
257.217
256.07
254.913
253.747
252.572
251.388
250.194
248.992
247.779
246.557
245.326
244.085
242.835
241.574
240.304
239.023
237.733
236.433
235.123
233.802
232.471
231.129
229.778
228.415
227.042
225.659
224.264
222.859
221.443
220.015
218.577
217.128
215.667
214.194
212.711
211.215
209.708
208.19
206.659
205.117
203.563
201.996
200.417
198.826
197.223
195.607
193.979
192.338
190.684
189.017
187.337
185.644
183.938
182.219
180.486
178.74
176.98
175.206
173.419
171.617
169.801
167.97
166.126
164.266
162.392
160.502
158.596
156.675
154.738
152.783
150.812
148.822
146.814
144.785
142.736
140.663
138.567
136.444
134.292
132.108
129.89
127.633
125.335
304.74
303.894
304.434
305.334
305.581
304.951
303.683
301.864
299.066
295.518
291.774
287.847
282.509
276.047
270.045
264.908
261.333
258.882
257.321
257.455
260.26
265.102
270.142
275.135
280.073
284.233
288.089
291.703
294.406
296.234
297.748
299.281
300.671
301.669
302.391
303.005
303.454
303.71
303.877
303.996
304.002
303.857
303.608
303.312
302.984
302.617
302.208
301.76
301.273
300.751
300.196
299.61
298.996
298.357
297.694
297.009
296.304
295.58
294.838
294.08
293.306
292.518
291.715
290.9
290.071
289.23
288.377
287.513
286.639
285.753
284.857
283.951
283.035
282.109
281.174
280.23
279.276
278.314
277.342
276.361
275.372
274.374
273.367
272.351
271.327
270.293
269.252
268.201
267.142
266.074
264.998
263.913
262.819
261.716
260.604
259.483
258.354
257.216
256.068
254.912
253.746
252.571
251.387
250.193
248.99
247.778
246.556
245.325
244.084
242.834
241.573
240.303
239.023
237.732
236.432
235.122
233.801
232.47
231.129
229.777
228.415
227.042
225.658
224.264
222.859
221.442
220.015
218.577
217.127
215.666
214.194
212.71
211.215
209.708
208.19
206.659
205.117
203.563
201.996
200.417
198.826
197.223
195.607
193.979
192.338
190.684
189.017
187.337
185.645
183.938
182.219
180.486
178.74
176.98
175.206
173.419
171.617
169.801
167.97
166.125
164.266
162.391
160.501
158.596
156.674
154.737
152.782
150.81
148.82
146.811
144.782
142.732
140.658
138.561
136.436
134.283
132.098
129.878
127.619
125.32
306.584
305.642
306.177
306.779
306.992
306.006
304.39
302.948
300.758
297.116
293.566
290.341
285.799
280.086
274.312
269.186
265.609
263.4
261.955
262.155
265.113
270.082
275.03
278.994
283.008
286.914
289.824
292.295
294.666
296.717
298.368
299.837
300.998
301.797
302.444
303.131
303.613
303.814
303.917
304.013
304.032
303.907
303.655
303.337
302.988
302.61
302.198
301.75
301.265
300.745
300.191
299.606
298.992
298.353
297.69
297.005
296.3
295.576
294.834
294.076
293.303
292.514
291.712
290.896
290.068
289.227
288.374
287.51
286.635
285.75
284.854
283.948
283.032
282.107
281.172
280.227
279.274
278.311
277.339
276.359
275.369
274.371
273.364
272.349
271.324
270.291
269.249
268.199
267.14
266.072
264.996
263.911
262.817
261.714
260.602
259.482
258.352
257.214
256.067
254.91
253.744
252.569
251.385
250.192
248.989
247.777
246.555
245.324
244.083
242.833
241.572
240.302
239.022
237.732
236.431
235.121
233.801
232.47
231.128
229.777
228.414
227.042
225.658
224.264
222.858
221.442
220.015
218.577
217.127
215.666
214.194
212.71
211.215
209.708
208.19
206.659
205.117
203.563
201.996
200.417
198.826
197.223
195.607
193.979
192.338
190.684
189.017
187.337
185.645
183.939
182.219
180.486
178.74
176.98
175.206
173.419
171.617
169.801
167.97
166.125
164.266
162.391
160.501
158.595
156.674
154.736
152.781
150.809
148.819
146.81
144.78
142.729
140.655
138.557
136.431
134.277
132.091
129.87
127.61
125.309
307.104
306.425
307.482
307.655
307.873
306.468
303.873
303.152
302.21
298.008
293.761
291.155
288.049
283.489
277.909
272.519
268.945
267.388
266.895
268.099
271.235
275.273
279.172
282.303
285.214
288.653
291.801
293.903
295.637
297.309
298.707
300.029
301.112
301.793
302.409
303.136
303.685
303.89
303.962
304.028
304.051
303.949
303.711
303.384
303.016
302.623
302.203
301.751
301.264
300.743
300.189
299.603
298.989
298.35
297.687
297.002
296.297
295.573
294.831
294.073
293.3
292.511
291.709
290.893
290.065
289.224
288.371
287.507
286.632
285.747
284.851
283.945
283.029
282.104
281.169
280.224
279.271
278.308
277.337
276.356
275.367
274.369
273.362
272.346
271.322
270.289
269.247
268.197
267.138
266.07
264.994
263.909
262.815
261.712
260.601
259.48
258.351
257.213
256.065
254.909
253.743
252.568
251.384
250.191
248.988
247.776
246.554
245.323
244.082
242.832
241.571
240.301
239.021
237.731
236.431
235.121
233.8
232.469
231.128
229.776
228.414
227.041
225.658
224.263
222.858
221.442
220.015
218.576
217.127
215.666
214.194
212.71
211.215
209.708
208.19
206.659
205.117
203.563
201.996
200.417
198.826
197.223
195.607
193.979
192.338
190.684
189.017
187.337
185.645
183.939
182.219
180.486
178.74
176.98
175.206
173.419
171.617
169.801
167.97
166.125
164.266
162.391
160.501
158.595
156.674
154.736
152.781
150.809
148.818
146.809
144.779
142.728
140.654
138.555
136.429
134.274
132.087
129.866
127.606
125.304
309.029
307.382
307.423
307.821
308.512
306.716
303.078
302.948
303.248
298.578
293.377
291.442
289.913
286.644
281.006
274.98
271.671
271.305
271.915
273.17
275.609
278.771
281.779
284.719
287.539
290.017
292.39
294.465
296.204
297.778
299.273
300.5
301.419
301.979
302.562
303.219
303.77
303.98
304.028
304.065
304.068
303.973
303.749
303.424
303.047
302.644
302.217
301.759
301.269
300.746
300.189
299.603
298.988
298.348
297.684
296.999
296.294
295.57
294.828
294.07
293.297
292.508
291.706
290.89
290.062
289.221
288.368
287.504
286.63
285.744
284.848
283.942
283.026
282.101
281.166
280.222
279.268
278.306
277.334
276.354
275.364
274.366
273.36
272.344
271.32
270.287
269.245
268.195
267.136
266.068
264.992
263.907
262.813
261.711
260.599
259.479
258.349
257.211
256.064
254.907
253.742
252.567
251.383
250.19
248.987
247.775
246.553
245.322
244.081
242.831
241.571
240.3
239.02
237.73
236.43
235.12
233.799
232.469
231.127
229.776
228.413
227.041
225.657
224.263
222.858
221.441
220.014
218.576
217.127
215.666
214.194
212.71
211.215
209.708
208.189
206.659
205.117
203.562
201.996
200.417
198.826
197.223
195.607
193.979
192.338
190.684
189.017
187.337
185.645
183.939
182.219
180.486
178.74
176.98
175.206
173.419
171.617
169.801
167.97
166.125
164.266
162.391
160.501
158.595
156.674
154.736
152.781
150.809
148.818
146.809
144.779
142.728
140.654
138.555
136.429
134.274
132.088
129.866
127.606
125.304
310.126
308.472
307.904
307.72
308.803
307.69
303.274
302.535
303.463
299.075
293.704
292.182
291.471
288.861
283.885
278.221
275.351
275.4
276.437
277.54
278.99
281.618
284.313
286.433
288.868
291.485
293.714
295.423
296.725
297.968
299.399
300.63
301.541
302.195
302.803
303.366
303.84
304.064
304.093
304.103
304.085
303.984
303.768
303.449
303.07
302.663
302.233
301.772
301.278
300.751
300.192
299.603
298.987
298.346
297.682
296.997
296.291
295.567
294.826
294.068
293.294
292.506
291.703
290.888
290.059
289.218
288.366
287.502
286.627
285.741
284.846
283.94
283.024
282.099
281.164
280.219
279.266
278.303
277.332
276.351
275.362
274.364
273.357
272.342
271.318
270.285
269.243
268.193
267.134
266.067
264.99
263.906
262.812
261.709
260.598
259.477
258.348
257.21
256.063
254.906
253.74
252.566
251.382
250.189
248.986
247.774
246.553
245.321
244.081
242.83
241.57
240.3
239.02
237.73
236.43
235.12
233.799
232.468
231.127
229.775
228.413
227.04
225.657
224.263
222.857
221.441
220.014
218.576
217.126
215.666
214.193
212.71
211.215
209.708
208.189
206.659
205.117
203.562
201.996
200.417
198.826
197.223
195.607
193.979
192.338
190.684
189.017
187.338
185.645
183.939
182.219
180.487
178.74
176.98
175.206
173.419
171.617
169.801
167.971
166.126
164.266
162.391
160.501
158.596
156.674
154.736
152.782
150.81
148.82
146.81
144.781
142.73
140.656
138.558
136.432
134.278
132.091
129.87
127.611
125.31
311.506
309.948
308.811
307.782
308.617
308.269
303.951
302.282
303.281
300.171
295.213
293.5
292.841
290.404
286.561
282.753
280.839
280.31
280.625
281.625
282.626
284.356
286.918
289.026
290.626
292.478
294.612
296.541
297.944
299.045
300.128
301.104
301.724
302.368
303.019
303.551
303.916
304.121
304.147
304.132
304.095
303.984
303.771
303.459
303.083
302.678
302.248
301.787
301.29
300.759
300.196
299.605
298.987
298.345
297.68
296.995
296.289
295.565
294.823
294.065
293.291
292.503
291.701
290.885
290.056
289.216
288.363
287.499
286.624
285.739
284.843
283.937
283.021
282.096
281.161
280.217
279.264
278.301
277.329
276.349
275.36
274.362
273.355
272.34
271.316
270.283
269.242
268.191
267.132
266.065
264.989
263.904
262.81
261.708
260.596
259.476
258.347
257.208
256.061
254.905
253.739
252.565
251.381
250.188
248.985
247.773
246.552
245.321
244.08
242.829
241.569
240.299
239.019
237.729
236.429
235.119
233.799
232.468
231.127
229.775
228.413
227.04
225.657
224.262
222.857
221.441
220.014
218.576
217.126
215.666
214.193
212.71
211.215
209.708
208.189
206.659
205.117
203.563
201.996
200.417
198.826
197.223
195.607
193.979
192.338
190.684
189.017
187.338
185.645
183.939
182.22
180.487
178.741
176.981
175.207
173.419
171.617
169.801
167.971
166.126
164.266
162.392
160.502
158.596
156.675
154.737
152.783
150.811
148.821
146.812
144.783
142.733
140.66
138.562
136.438
134.284
132.099
129.878
127.62
125.32
312.811
311.092
309.948
308.761
308.403
308.037
305.088
303.038
303.351
301.24
297.122
295.258
294.26
291.852
288.996
286.892
285.814
284.752
284.139
284.854
285.999
287.249
288.905
290.693
292.542
294.233
295.621
296.884
298.145
299.47
300.807
301.767
302.246
302.82
303.451
303.884
304.103
304.199
304.2
304.166
304.106
303.971
303.747
303.44
303.075
302.68
302.258
301.8
301.302
300.767
300.201
299.607
298.987
298.344
297.679
296.993
296.287
295.562
294.821
294.063
293.289
292.501
291.698
290.882
290.054
289.213
288.36
287.496
286.622
285.736
284.84
283.934
283.019
282.093
281.158
280.214
279.261
278.298
277.327
276.347
275.358
274.36
273.353
272.338
271.314
270.281
269.24
268.189
267.131
266.063
264.987
263.902
262.808
261.706
260.594
259.474
258.345
257.207
256.06
254.903
253.738
252.564
251.38
250.187
248.984
247.772
246.551
245.32
244.079
242.829
241.568
240.298
239.018
237.729
236.429
235.119
233.798
232.467
231.126
229.775
228.413
227.04
225.656
224.262
222.857
221.441
220.014
218.576
217.126
215.665
214.193
212.71
211.215
209.708
208.189
206.659
205.117
203.563
201.996
200.417
198.826
197.223
195.607
193.979
192.338
190.684
189.018
187.338
185.645
183.939
182.22
180.487
178.741
176.981
175.207
173.419
171.618
169.802
167.971
166.127
164.267
162.393
160.503
158.597
156.676
154.739
152.785
150.813
148.824
146.815
144.787
142.738
140.665
138.569
136.445
134.293
132.109
129.891
127.634
125.335
314.105
312.406
311.23
310.18
308.863
307.732
306.063
304.456
303.617
301.786
298.949
297.204
296.021
293.939
291.743
290.263
289.007
288.006
287.773
288.206
288.654
289.666
291.462
292.849
293.843
295.311
296.818
298.035
299.017
299.883
300.876
301.703
302.301
303.008
303.778
304.167
304.303
304.318
304.287
304.232
304.129
303.948
303.694
303.385
303.036
302.66
302.253
301.804
301.309
300.773
300.205
299.608
298.987
298.343
297.677
296.991
296.285
295.56
294.818
294.06
293.287
292.498
291.695
290.88
290.051
289.21
288.358
287.494
286.619
285.733
284.838
283.932
283.016
282.091
281.156
280.212
279.258
278.296
277.324
276.344
275.355
274.357
273.351
272.335
271.311
270.279
269.237
268.187
267.129
266.061
264.985
263.9
262.807
261.704
260.593
259.473
258.344
257.206
256.058
254.902
253.737
252.562
251.379
250.186
248.983
247.771
246.55
245.319
244.078
242.828
241.568
240.298
239.018
237.728
236.428
235.118
233.798
232.467
231.126
229.774
228.412
227.039
225.656
224.262
222.857
221.441
220.014
218.575
217.126
215.665
214.193
212.71
211.215
209.708
208.189
206.659
205.117
203.563
201.996
200.417
198.827
197.223
195.608
193.979
192.338
190.684
189.018
187.338
185.645
183.939
182.22
180.487
178.741
176.981
175.207
173.42
171.618
169.802
167.972
166.127
164.268
162.393
160.504
158.599
156.678
154.741
152.787
150.816
148.827
146.819
144.792
142.743
140.673
138.577
136.456
134.306
132.123
129.907
127.652
125.356
315.474
313.654
311.998
311.237
310.013
308.372
307.107
305.772
304.565
302.812
300.439
298.881
297.673
295.933
294.35
293.006
291.79
291.209
291.136
291.46
291.902
292.411
293.551
294.881
295.825
296.789
297.833
299.008
300.068
300.819
301.56
302.206
302.622
303.138
303.836
304.22
304.366
304.416
304.403
304.347
304.201
303.955
303.642
303.303
302.961
302.609
302.225
301.792
301.305
300.773
300.205
299.608
298.986
298.342
297.676
296.989
296.283
295.558
294.816
294.058
293.284
292.495
291.693
290.877
290.048
289.207
288.355
287.491
286.616
285.731
284.835
283.929
283.013
282.088
281.153
280.209
279.256
278.293
277.322
276.342
275.353
274.355
273.348
272.333
271.309
270.277
269.235
268.185
267.127
266.059
264.983
263.899
262.805
261.702
260.591
259.471
258.342
257.204
256.057
254.901
253.736
252.561
251.378
250.185
248.982
247.77
246.549
245.318
244.078
242.827
241.567
240.297
239.017
237.727
236.428
235.117
233.797
232.466
231.125
229.774
228.412
227.039
225.656
224.262
222.857
221.441
220.013
218.575
217.126
215.665
214.193
212.71
211.214
209.708
208.189
206.659
205.117
203.563
201.996
200.417
198.827
197.223
195.608
193.979
192.338
190.684
189.018
187.338
185.645
183.939
182.22
180.488
178.741
176.981
175.207
173.42
171.618
169.802
167.972
166.128
164.268
162.394
160.505
158.6
156.679
154.743
152.789
150.819
148.831
146.824
144.798
142.751
140.681
138.588
136.469
134.321
132.141
129.928
127.675
125.381
316.645
314.878
313.125
311.923
310.635
309
307.944
306.945
305.652
304.058
302.423
300.734
299.155
297.898
296.663
295.5
294.839
294.223
293.67
293.966
294.697
294.987
295.437
296.486
297.654
298.533
299.251
300.075
300.909
301.599
302.316
303.058
303.464
303.737
304.084
304.323
304.435
304.516
304.533
304.499
304.343
304.05
303.674
303.271
302.894
302.543
302.178
301.763
301.289
300.764
300.2
299.606
298.986
298.342
297.676
296.989
296.283
295.558
294.815
294.057
293.282
292.493
291.69
290.874
290.046
289.205
288.352
287.488
286.613
285.727
284.832
283.926
283.01
282.085
281.15
280.206
279.253
278.29
277.319
276.339
275.35
274.352
273.346
272.331
271.307
270.274
269.233
268.183
267.125
266.057
264.981
263.897
262.803
261.701
260.59
259.47
258.341
257.203
256.056
254.9
253.734
252.56
251.377
250.184
248.981
247.769
246.548
245.317
244.077
242.827
241.566
240.296
239.017
237.727
236.427
235.117
233.796
232.466
231.125
229.773
228.411
227.039
225.656
224.261
222.856
221.44
220.013
218.575
217.126
215.665
214.193
212.71
211.214
209.708
208.189
206.659
205.117
203.563
201.996
200.418
198.827
197.223
195.608
193.979
192.338
190.685
189.018
187.338
185.646
183.94
182.22
180.488
178.742
176.982
175.208
173.42
171.619
169.803
167.973
166.129
164.269
162.395
160.506
158.602
156.681
154.745
152.792
150.823
148.835
146.83
144.805
142.759
140.692
138.601
136.484
134.339
132.162
129.952
127.703
125.412
317.649
315.819
314.034
312.85
311.642
309.905
308.686
307.786
306.616
305.202
303.934
302.533
300.935
299.709
298.827
297.901
297.132
296.636
296.355
296.369
296.561
296.813
297.38
298.181
298.898
299.505
300.192
301.021
301.767
302.244
302.725
303.369
303.842
304.132
304.386
304.577
304.653
304.659
304.622
304.57
304.438
304.179
303.815
303.381
302.945
302.546
302.157
301.737
301.266
300.748
300.19
299.601
298.983
298.341
297.676
296.989
296.283
295.557
294.815
294.056
293.281
292.492
291.688
290.872
290.043
289.202
288.349
287.485
286.61
285.724
284.828
283.923
283.007
282.082
281.147
280.203
279.25
278.287
277.316
276.336
275.347
274.349
273.343
272.328
271.304
270.272
269.23
268.181
267.122
266.055
264.979
263.894
262.801
261.699
260.588
259.468
258.339
257.201
256.054
254.898
253.733
252.559
251.375
250.182
248.98
247.768
246.547
245.316
244.076
242.826
241.565
240.296
239.016
237.726
236.426
235.116
233.796
232.465
231.124
229.773
228.411
227.038
225.655
224.261
222.856
221.44
220.013
218.575
217.125
215.665
214.193
212.709
211.214
209.707
208.189
206.659
205.117
203.562
201.996
200.417
198.826
197.223
195.608
193.979
192.338
190.684
189.018
187.338
185.645
183.94
182.22
180.488
178.741
176.981
175.208
173.42
171.619
169.803
167.973
166.129
164.27
162.396
160.507
158.603
156.683
154.747
152.795
150.827
148.84
146.836
144.813
142.769
140.704
138.616
136.502
134.361
132.188
129.982
127.737
125.45
318.659
316.922
315.033
313.721
312.645
310.954
309.424
308.413
307.561
306.248
305.012
304.024
302.711
301.355
300.597
299.858
298.937
298.383
298.226
298.461
298.775
298.831
299.002
299.56
300.152
300.638
301.187
301.846
302.461
302.857
303.192
303.703
304.135
304.326
304.515
304.73
304.833
304.793
304.696
304.596
304.455
304.234
303.929
303.529
303.069
302.615
302.182
301.737
301.257
300.738
300.183
299.596
298.981
298.34
297.676
296.989
296.283
295.557
294.814
294.054
293.279
292.49
291.686
290.87
290.041
289.199
288.346
287.482
286.607
285.721
284.826
283.92
283.004
282.079
281.144
280.2
279.247
278.285
277.313
276.333
275.344
274.347
273.341
272.326
271.302
270.269
269.228
268.179
267.12
266.053
264.977
263.892
262.799
261.697
260.586
259.466
258.338
257.2
256.053
254.897
253.732
252.558
251.374
250.181
248.979
247.767
246.546
245.315
244.075
242.825
241.565
240.295
239.015
237.726
236.426
235.115
233.795
232.465
231.124
229.772
228.411
227.038
225.655
224.261
222.856
221.44
220.013
218.575
217.125
215.665
214.193
212.709
211.214
209.707
208.189
206.659
205.117
203.562
201.996
200.417
198.827
197.223
195.608
193.979
192.338
190.685
189.018
187.338
185.646
183.94
182.221
180.488
178.742
176.982
175.208
173.421
171.619
169.804
167.974
166.13
164.271
162.398
160.509
158.605
156.686
154.751
152.799
150.832
148.847
146.844
144.823
142.782
140.719
138.634
136.525
134.388
132.22
130.019
127.78
125.498
319.212
317.587
316.028
314.622
313.654
312.436
310.805
309.553
308.607
307.252
306.092
305.185
304.123
303.068
302.376
301.671
300.934
300.386
300.089
300.116
300.316
300.46
300.646
301.023
301.437
301.82
302.324
302.896
303.381
303.621
303.823
304.352
304.813
304.848
304.802
304.902
305.007
304.949
304.799
304.66
304.505
304.301
304.036
303.675
303.22
302.731
302.249
301.769
301.271
300.744
300.187
299.6
298.985
298.344
297.679
296.992
296.284
295.558
294.814
294.054
293.279
292.489
291.685
290.868
290.038
289.197
288.344
287.479
286.604
285.718
284.822
283.916
283.001
282.076
281.141
280.197
279.244
278.282
277.311
276.331
275.342
274.344
273.338
272.323
271.299
270.267
269.226
268.176
267.118
266.051
264.975
263.891
262.797
261.695
260.585
259.465
258.336
257.198
256.051
254.896
253.731
252.557
251.373
250.18
248.978
247.766
246.545
245.315
244.074
242.824
241.564
240.294
239.015
237.725
236.425
235.115
233.795
232.464
231.123
229.772
228.41
227.038
225.654
224.26
222.855
221.439
220.012
218.574
217.125
215.664
214.192
212.709
211.214
209.707
208.189
206.659
205.116
203.562
201.996
200.417
198.827
197.223
195.608
193.98
192.339
190.685
189.018
187.339
185.646
183.94
182.221
180.488
178.742
176.982
175.209
173.421
171.62
169.805
167.975
166.131
164.272
162.399
160.511
158.607
156.689
154.754
152.804
150.837
148.854
146.853
144.834
142.795
140.737
138.655
136.55
134.418
132.256
130.062
127.828
125.552
319.944
318.647
316.891
315.147
314.009
313.208
311.622
310.671
309.811
308.758
307.778
306.724
305.604
304.67
303.907
303.386
302.921
302.299
302
302.063
302.023
301.881
301.952
302.313
302.717
302.983
303.221
303.555
303.975
304.298
304.537
304.934
305.335
305.42
305.344
305.336
305.36
305.24
305.002
304.793
304.609
304.405
304.161
303.829
303.386
302.878
302.36
301.846
301.323
300.781
300.212
299.618
298.999
298.355
297.687
296.998
296.289
295.561
294.816
294.055
293.279
292.488
291.683
290.866
290.036
289.194
288.341
287.476
286.601
285.715
284.819
283.913
282.997
282.072
281.138
280.194
279.241
278.278
277.307
276.327
275.339
274.341
273.335
272.32
271.297
270.264
269.224
268.174
267.116
266.049
264.973
263.889
262.795
261.694
260.583
259.463
258.334
257.197
256.05
254.894
253.73
252.555
251.372
250.179
248.977
247.765
246.544
245.314
244.073
242.823
241.564
240.294
239.014
237.724
236.424
235.114
233.794
232.464
231.123
229.772
228.41
227.037
225.654
224.26
222.855
221.439
220.012
218.574
217.125
215.664
214.192
212.709
211.214
209.707
208.189
206.659
205.116
203.562
201.996
200.417
198.827
197.224
195.608
193.98
192.339
190.685
189.018
187.339
185.646
183.94
182.221
180.489
178.742
176.983
175.209
173.422
171.621
169.805
167.976
166.132
164.274
162.401
160.513
158.61
156.692
154.758
152.809
150.844
148.861
146.863
144.846
142.81
140.755
138.678
136.579
134.453
132.297
130.11
127.884
125.615
321.014
319.959
318.184
316.492
315.412
314.483
313.166
312.019
311.097
310.312
309.303
308.39
307.742
307.067
306.308
305.653
305.025
304.413
304.049
303.949
303.97
303.938
303.82
303.79
303.997
304.308
304.445
304.487
304.722
305.007
305.111
305.276
305.541
305.679
305.728
305.799
305.822
305.645
305.315
305.022
304.771
304.498
304.218
303.906
303.494
302.995
302.467
301.939
301.403
300.848
300.267
299.66
299.03
298.377
297.703
297.009
296.297
295.566
294.819
294.057
293.279
292.487
291.682
290.864
290.034
289.192
288.338
287.473
286.598
285.712
284.816
283.91
282.994
282.069
281.134
280.19
279.237
278.275
277.304
276.324
275.336
274.338
273.332
272.317
271.294
270.262
269.221
268.172
267.113
266.046
264.971
263.886
262.793
261.692
260.581
259.461
258.333
257.195
256.049
254.893
253.728
252.554
251.37
250.178
248.976
247.764
246.543
245.313
244.073
242.823
241.563
240.293
239.013
237.724
236.424
235.114
233.794
232.463
231.123
229.771
228.409
227.037
225.654
224.26
222.855
221.439
220.012
218.574
217.125
215.664
214.192
212.709
211.214
209.707
208.189
206.659
205.116
203.562
201.996
200.418
198.827
197.224
195.608
193.98
192.339
190.685
189.019
187.339
185.646
183.941
182.221
180.489
178.743
176.983
175.21
173.422
171.621
169.806
167.977
166.133
164.275
162.403
160.515
158.613
156.695
154.762
152.814
150.85
148.87
146.873
144.859
142.827
140.776
138.703
136.61
134.49
132.342
130.164
127.945
125.685
322.148
320.931
319.531
317.958
316.642
315.555
314.733
313.756
312.891
311.901
310.948
310.337
309.543
308.511
307.884
307.528
306.895
306.323
306.092
305.914
305.742
305.603
305.467
305.482
305.678
305.802
305.776
305.863
306.169
306.374
306.275
306.122
306.045
305.98
305.906
305.853
305.834
305.715
305.433
305.14
304.865
304.525
304.143
303.768
303.38
302.943
302.463
301.962
301.442
300.894
300.313
299.702
299.064
298.404
297.723
297.024
296.307
295.574
294.824
294.06
293.281
292.488
291.682
290.863
290.032
289.189
288.335
287.47
286.594
285.708
284.812
283.906
282.99
282.065
281.13
280.186
279.233
278.271
277.3
276.321
275.332
274.335
273.329
272.314
271.291
270.259
269.218
268.169
267.111
266.044
264.969
263.884
262.791
261.69
260.579
259.459
258.331
257.193
256.047
254.892
253.727
252.553
251.369
250.176
248.975
247.763
246.542
245.312
244.072
242.822
241.562
240.292
239.013
237.723
236.423
235.113
233.793
232.463
231.122
229.771
228.409
227.037
225.653
224.259
222.854
221.439
220.012
218.574
217.125
215.664
214.192
212.709
211.214
209.707
208.189
206.659
205.116
203.562
201.996
200.418
198.827
197.224
195.608
193.98
192.339
190.685
189.019
187.339
185.647
183.941
182.222
180.489
178.743
176.984
175.21
173.423
171.622
169.807
167.978
166.135
164.277
162.405
160.518
158.616
156.699
154.767
152.82
150.857
148.879
146.884
144.873
142.844
140.798
138.73
136.643
134.531
132.392
130.223
128.014
125.763
323.096
321.865
320.527
319.327
318.016
316.593
315.947
315.304
314.209
313.203
312.626
311.965
311.134
310.479
309.959
309.317
308.704
308.29
307.937
307.532
307.257
307.272
307.355
307.216
306.958
306.729
306.612
306.588
306.676
306.746
306.739
306.734
306.75
306.748
306.636
306.386
306.119
305.852
305.569
305.328
305.046
304.641
304.182
303.727
303.26
302.784
302.328
301.885
301.416
300.897
300.329
299.722
299.084
298.422
297.739
297.037
296.318
295.582
294.83
294.064
293.283
292.489
291.682
290.862
290.03
289.187
288.332
287.467
286.591
285.705
284.808
283.902
282.986
282.061
281.126
280.182
279.229
278.267
277.296
276.317
275.328
274.331
273.325
272.311
271.287
270.255
269.215
268.166
267.108
266.041
264.966
263.882
262.789
261.687
260.577
259.457
258.329
257.192
256.045
254.89
253.725
252.551
251.368
250.175
248.974
247.762
246.542
245.311
244.071
242.821
241.561
240.292
239.012
237.722
236.423
235.113
233.793
232.463
231.122
229.771
228.409
227.036
225.653
224.259
222.854
221.438
220.012
218.574
217.125
215.664
214.192
212.709
211.214
209.707
208.189
206.659
205.116
203.562
201.996
200.418
198.827
197.224
195.609
193.98
192.339
190.686
189.019
187.339
185.647
183.941
182.222
180.49
178.744
176.984
175.211
173.424
171.623
169.808
167.979
166.136
164.279
162.407
160.52
158.619
156.703
154.772
152.826
150.865
148.888
146.896
144.887
142.862
140.821
138.759
136.679
134.576
132.445
130.288
128.09
125.85
324.103
323.284
321.75
320.289
319.324
318.589
317.705
317.091
316.313
315.428
314.716
314.016
313.272
312.706
312.088
311.393
310.919
310.453
309.872
309.545
309.313
308.903
308.543
308.307
308.01
307.934
308.15
308.174
307.941
307.669
307.485
307.315
307.176
307.116
307.03
306.798
306.484
306.185
305.83
305.532
305.353
305.055
304.558
304.007
303.469
302.94
302.419
301.914
301.416
300.901
300.351
299.758
299.126
298.462
297.773
297.064
296.338
295.597
294.841
294.071
293.287
292.491
291.682
290.862
290.029
289.185
288.329
287.463
286.587
285.701
284.804
283.898
282.982
282.056
281.121
280.178
279.225
278.263
277.292
276.313
275.324
274.327
273.321
272.307
271.284
270.252
269.212
268.163
267.105
266.038
264.963
263.879
262.787
261.685
260.575
259.455
258.327
257.19
256.044
254.888
253.724
252.55
251.367
250.174
248.973
247.761
246.541
245.31
244.07
242.82
241.56
240.291
239.011
237.722
236.422
235.112
233.792
232.462
231.121
229.77
228.408
227.036
225.653
224.259
222.854
221.438
220.012
218.574
217.124
215.664
214.192
212.709
211.214
209.707
208.189
206.659
205.117
203.562
201.996
200.418
198.827
197.224
195.609
193.98
192.34
190.686
189.019
187.34
185.647
183.941
182.222
180.49
178.744
176.985
175.211
173.425
171.624
169.809
167.981
166.138
164.28
162.409
160.523
158.622
156.707
154.777
152.832
150.872
148.897
146.908
144.903
142.881
140.845
138.789
136.717
134.623
132.503
130.359
128.173
125.947
325.221
323.792
322.716
321.96
320.716
319.597
318.974
318.508
317.693
316.734
315.828
315.275
314.759
314.015
313.338
312.815
312.264
311.807
311.509
311.186
310.823
310.6
310.495
310.258
309.711
309.295
309.168
309.018
308.801
308.646
308.471
308.274
308.032
307.71
307.388
307.115
306.925
306.656
306.213
305.859
305.643
305.374
305.042
304.62
304.015
303.267
302.552
301.956
301.43
300.903
300.338
299.733
299.097
298.435
297.752
297.051
296.33
295.593
294.84
294.071
293.288
292.491
291.682
290.86
290.027
289.182
288.326
287.46
286.583
285.696
284.799
283.893
282.977
282.051
281.116
280.173
279.22
278.258
277.288
276.308
275.32
274.323
273.317
272.303
271.28
270.248
269.208
268.159
267.102
266.035
264.96
263.877
262.784
261.683
260.572
259.453
258.325
257.188
256.042
254.886
253.722
252.548
251.365
250.173
248.971
247.76
246.539
245.309
244.069
242.819
241.559
240.29
239.011
237.721
236.422
235.112
233.792
232.462
231.121
229.77
228.408
227.035
225.652
224.258
222.854
221.438
220.011
218.573
217.124
215.664
214.192
212.709
211.214
209.707
208.189
206.659
205.117
203.563
201.996
200.418
198.827
197.224
195.609
193.981
192.34
190.686
189.019
187.34
185.647
183.942
182.223
180.491
178.745
176.985
175.212
173.425
171.625
169.81
167.982
166.139
164.282
162.411
160.525
158.625
156.711
154.782
152.838
150.88
148.907
146.92
144.918
142.9
140.87
138.82
136.757
134.672
132.565
130.435
128.263
126.054
326.171
325.362
324.185
322.907
322.157
321.366
320.53
319.912
319.196
318.383
317.734
317.108
316.528
316.065
315.456
314.802
314.29
313.795
313.282
312.815
312.376
311.945
311.463
310.966
310.651
310.514
310.298
310
309.712
309.445
309.157
308.928
308.72
308.476
308.17
307.824
307.477
307.111
306.736
306.307
305.798
305.268
304.748
304.247
303.786
303.369
302.944
302.466
301.925
301.328
300.688
300.016
299.322
298.61
297.885
297.148
296.4
295.642
294.872
294.092
293.301
292.499
291.686
290.861
290.026
289.179
288.323
287.456
286.578
285.691
284.794
283.887
282.971
282.046
281.111
280.167
279.215
278.253
277.282
276.303
275.315
274.318
273.313
272.299
271.276
270.245
269.205
268.156
267.098
266.032
264.957
263.874
262.781
261.68
260.57
259.451
258.323
257.186
256.04
254.885
253.72
252.547
251.364
250.172
248.97
247.759
246.538
245.308
244.068
242.818
241.559
240.289
239.01
237.721
236.421
235.111
233.792
232.461
231.121
229.769
228.408
227.035
225.652
224.258
222.854
221.438
220.011
218.573
217.124
215.664
214.192
212.709
211.214
209.707
208.189
206.659
205.117
203.563
201.997
200.418
198.828
197.225
195.609
193.981
192.34
190.686
189.02
187.34
185.648
183.942
182.223
180.491
178.745
176.986
175.213
173.426
171.626
169.812
167.983
166.141
164.284
162.413
160.528
158.629
156.715
154.787
152.844
150.888
148.917
146.932
144.934
142.92
140.895
138.852
136.798
134.724
132.63
130.517
128.362
126.173
327.141
326.192
325.097
324.149
323.248
322.464
321.932
321.251
320.509
319.809
319.023
318.333
317.817
317.207
316.557
315.975
315.373
314.851
314.459
314.041
313.613
313.241
312.865
312.489
312.177
311.823
311.433
311.102
310.783
310.404
310.064
309.751
309.389
309.002
308.636
308.278
307.894
307.515
307.138
306.754
306.345
305.826
305.205
304.608
304.084
303.565
303.003
302.405
301.787
301.159
300.52
299.867
299.2
298.516
297.817
297.101
296.369
295.622
294.86
294.085
293.296
292.495
291.683
290.858
290.022
289.176
288.318
287.451
286.573
285.686
284.788
283.881
282.965
282.04
281.105
280.162
279.209
278.247
277.277
276.298
275.31
274.313
273.308
272.294
271.272
270.241
269.201
268.152
267.095
266.029
264.954
263.871
262.779
261.677
260.567
259.448
258.321
257.184
256.038
254.883
253.719
252.545
251.363
250.17
248.969
247.758
246.537
245.307
244.067
242.817
241.558
240.289
239.009
237.72
236.421
235.111
233.791
232.461
231.12
229.769
228.407
227.035
225.652
224.258
222.853
221.438
220.011
218.573
217.124
215.663
214.192
212.708
211.214
209.707
208.189
206.659
205.117
203.563
201.996
200.418
198.827
197.224
195.609
193.981
192.34
190.686
189.02
187.34
185.648
183.942
182.224
180.491
178.746
176.986
175.213
173.427
171.627
169.812
167.984
166.142
164.286
162.415
160.531
158.632
156.719
154.792
152.85
150.895
148.927
146.944
144.949
142.94
140.921
138.884
136.841
134.778
132.702
130.608
128.475
126.311
327.632
326.853
325.891
324.854
324.004
323.368
322.761
322.139
321.436
320.628
319.909
319.333
318.805
318.289
317.717
317.097
316.553
316.086
315.611
315.128
314.666
314.208
313.755
313.31
312.881
312.465
312.093
311.755
311.405
311.016
310.654
310.314
309.961
309.579
309.183
308.764
308.311
307.854
307.376
306.875
306.354
305.799
305.239
304.718
304.218
303.696
303.135
302.543
301.929
301.296
300.645
299.976
299.29
298.589
297.873
297.143
296.4
295.644
294.876
294.095
293.303
292.499
291.684
290.858
290.02
289.173
288.315
287.447
286.568
285.681
284.783
283.876
282.96
282.035
281.1
280.156
279.204
278.242
277.272
276.293
275.305
274.309
273.304
272.29
271.268
270.237
269.197
268.148
267.091
266.026
264.951
263.868
262.776
261.675
260.565
259.446
258.319
257.182
256.036
254.881
253.717
252.544
251.361
250.169
248.968
247.757
246.536
245.306
244.066
242.817
241.557
240.288
239.009
237.719
236.42
235.11
233.791
232.46
231.12
229.769
228.407
227.035
225.652
224.258
222.853
221.438
220.011
218.573
217.124
215.663
214.191
212.708
211.214
209.707
208.189
206.659
205.117
203.562
201.996
200.418
198.827
197.224
195.609
193.981
192.34
190.686
189.02
187.341
185.648
183.943
182.224
180.492
178.746
176.987
175.214
173.428
171.627
169.813
167.985
166.143
164.287
162.417
160.533
158.635
156.722
154.796
152.856
150.902
148.936
146.955
144.964
142.958
140.945
138.915
136.883
134.831
132.776
130.703
128.599
126.466
328.044
327.268
326.281
325.305
324.488
323.851
323.32
322.721
321.986
321.245
320.595
320.047
319.555
319.007
318.381
317.773
317.212
316.687
316.212
315.753
315.282
314.837
314.413
313.968
313.526
313.129
312.77
312.403
312.008
311.593
311.187
310.784
310.361
309.911
309.458
309.011
308.56
308.1
307.626
307.141
306.641
306.113
305.564
305.007
304.442
303.86
303.255
302.633
301.995
301.344
300.678
300
299.307
298.601
297.883
297.151
296.406
295.648
294.878
294.097
293.303
292.498
291.682
290.855
290.017
289.169
288.311
287.442
286.564
285.676
284.778
283.872
282.955
282.03
281.095
280.152
279.199
278.238
277.268
276.289
275.301
274.305
273.3
272.287
271.265
270.234
269.194
268.146
267.089
266.023
264.949
263.866
262.774
261.673
260.563
259.445
258.317
257.181
256.035
254.88
253.716
252.543
251.36
250.168
248.967
247.756
246.535
245.305
244.066
242.816
241.557
240.288
239.008
237.719
236.42
235.11
233.79
232.46
231.12
229.769
228.407
227.035
225.652
224.258
222.853
221.437
220.011
218.573
217.124
215.663
214.191
212.708
211.213
209.707
208.189
206.659
205.117
203.562
201.996
200.418
198.827
197.224
195.609
193.981
192.34
190.686
189.02
187.341
185.648
183.943
182.224
180.492
178.746
176.987
175.215
173.428
171.628
169.814
167.986
166.145
164.289
162.419
160.535
158.637
156.725
154.8
152.861
150.908
148.943
146.965
144.975
142.973
140.965
138.941
136.919
134.876
132.843
130.787
128.718
126.617
328.186
327.428
326.491
325.541
324.744
324.155
323.645
323.071
322.404
321.692
321.041
320.507
320.005
319.449
318.852
318.247
317.687
317.211
316.764
316.297
315.835
315.382
314.92
314.477
314.063
313.647
313.218
312.789
312.356
311.912
311.472
311.045
310.621
310.187
309.743
309.287
308.813
308.319
307.807
307.279
306.737
306.18
305.614
305.042
304.463
303.872
303.267
302.646
302.01
301.359
300.694
300.014
299.321
298.613
297.892
297.158
296.411
295.652
294.88
294.097
293.303
292.497
291.68
290.852
290.014
289.166
288.307
287.438
286.56
285.672
284.774
283.867
282.951
282.026
281.091
280.148
279.195
278.234
277.264
276.286
275.298
274.302
273.297
272.284
271.262
270.231
269.191
268.143
267.087
266.021
264.947
263.864
262.772
261.671
260.562
259.443
258.316
257.18
256.034
254.879
253.715
252.542
251.359
250.167
248.966
247.755
246.535
245.305
244.065
242.816
241.556
240.287
239.008
237.719
236.419
235.11
233.79
232.46
231.119
229.768
228.407
227.035
225.652
224.258
222.853
221.437
220.011
218.573
217.123
215.663
214.191
212.708
211.213
209.707
208.189
206.659
205.117
203.563
201.996
200.418
198.827
197.224
195.609
193.981
192.34
190.687
189.02
187.341
185.648
183.943
182.224
180.492
178.747
176.988
175.215
173.429
171.629
169.815
167.987
166.145
164.29
162.42
160.537
158.639
156.728
154.803
152.864
150.913
148.949
146.972
144.985
142.986
140.98
138.962
136.948
134.915
132.901
130.86
128.831
126.76
328.31
327.574
326.656
325.733
324.964
324.373
323.867
323.321
322.662
321.951
321.31
320.777
320.297
319.784
319.203
318.615
318.09
317.621
317.16
316.691
316.219
315.748
315.291
314.842
314.379
313.908
313.463
313.044
312.62
312.182
311.75
311.324
310.882
310.414
309.929
309.435
308.934
308.422
307.901
307.371
306.832
306.281
305.717
305.141
304.552
303.949
303.331
302.699
302.053
301.393
300.72
300.034
299.335
298.624
297.899
297.163
296.414
295.653
294.88
294.096
293.301
292.495
291.677
290.849
290.011
289.162
288.303
287.434
286.556
285.668
284.77
283.863
282.947
282.022
281.087
280.144
279.192
278.231
277.261
276.282
275.295
274.299
273.295
272.282
271.26
270.229
269.189
268.141
267.085
266.02
264.946
263.863
262.771
261.67
260.561
259.442
258.315
257.179
256.033
254.878
253.714
252.541
251.359
250.167
248.966
247.755
246.535
245.305
244.065
242.816
241.556
240.287
239.008
237.718
236.419
235.11
233.79
232.46
231.119
229.768
228.407
227.035
225.652
224.258
222.853
221.437
220.011
218.573
217.123
215.663
214.191
212.708
211.213
209.707
208.189
206.659
205.117
203.563
201.996
200.418
198.827
197.224
195.609
193.981
192.34
190.687
189.02
187.341
185.649
183.943
182.224
180.492
178.747
176.988
175.215
173.429
171.629
169.815
167.988
166.146
164.291
162.421
160.538
158.641
156.73
154.805
152.867
150.917
148.953
146.978
144.992
142.996
140.992
138.98
136.971
134.947
132.95
130.924
128.935
126.896
328.331
327.599
326.705
325.813
325.06
324.484
323.997
323.464
322.826
322.144
321.524
321.012
320.547
320.032
319.453
318.873
318.343
317.865
317.407
316.942
316.473
316.011
315.542
315.06
314.582
314.133
313.715
313.301
312.865
312.409
311.953
311.497
311.029
310.547
310.058
309.562
309.057
308.54
308.01
307.467
306.912
306.345
305.766
305.176
304.577
303.966
303.343
302.707
302.059
301.398
300.724
300.037
299.338
298.625
297.9
297.163
296.413
295.651
294.878
294.094
293.298
292.491
291.674
290.845
290.007
289.158
288.299
287.43
286.552
285.664
284.767
283.86
282.944
282.018
281.084
280.141
279.189
278.228
277.258
276.28
275.293
274.297
273.293
272.28
271.258
270.227
269.188
268.14
267.083
266.018
264.944
263.861
262.77
261.669
260.56
259.441
258.314
257.178
256.032
254.878
253.714
252.541
251.358
250.166
248.965
247.754
246.534
245.304
244.065
242.815
241.556
240.287
239.008
237.718
236.419
235.11
233.79
232.46
231.119
229.768
228.407
227.034
225.652
224.258
222.853
221.437
220.011
218.573
217.124
215.663
214.192
212.708
211.213
209.707
208.189
206.659
205.117
203.563
201.996
200.418
198.827
197.224
195.609
193.981
192.34
190.687
189.02
187.341
185.649
183.943
182.225
180.493
178.747
176.988
175.216
173.43
171.63
169.816
167.988
166.147
164.291
162.422
160.539
158.642
156.731
154.807
152.869
150.919
148.956
146.983
144.997
143.005
141.001
138.996
136.987
134.975
132.988
130.98
129.028
127.023
328.319
327.598
326.729
325.861
325.124
324.548
324.051
323.523
322.914
322.271
321.683
321.184
320.711
320.191
319.62
319.049
318.522
318.043
317.576
317.104
316.631
316.152
315.67
315.2
314.752
314.32
313.893
313.456
313
312.536
312.076
311.618
311.148
310.661
310.164
309.657
309.137
308.605
308.061
307.506
306.942
306.369
305.787
305.196
304.594
303.981
303.355
302.718
302.068
301.404
300.728
300.04
299.339
298.625
297.899
297.161
296.411
295.649
294.875
294.09
293.294
292.488
291.67
290.842
290.003
289.154
288.295
287.427
286.549
285.661
284.763
283.856
282.94
282.016
281.082
280.139
279.187
278.226
277.256
276.278
275.291
274.295
273.291
272.278
271.256
270.226
269.186
268.139
267.082
266.017
264.943
263.86
262.769
261.668
260.559
259.441
258.313
257.177
256.032
254.877
253.713
252.54
251.358
250.166
248.965
247.754
246.534
245.304
244.064
242.815
241.556
240.287
239.007
237.718
236.419
235.11
233.79
232.46
231.119
229.768
228.407
227.034
225.652
224.258
222.853
221.437
220.011
218.573
217.124
215.663
214.192
212.708
211.214
209.707
208.189
206.659
205.117
203.563
201.997
200.418
198.827
197.224
195.609
193.981
192.34
190.687
189.021
187.341
185.649
183.943
182.225
180.493
178.747
176.989
175.216
173.43
171.63
169.816
167.989
166.147
164.292
162.423
160.54
158.643
156.732
154.808
152.871
150.922
148.959
146.987
145.001
143.012
141.006
139.009
136.998
135
133.017
131.029
129.108
127.144
328.22
327.515
326.691
325.874
325.168
324.591
324.075
323.539
322.951
322.346
321.781
321.27
320.775
320.254
319.703
319.156
318.643
318.163
317.692
317.218
316.739
316.261
315.794
315.34
314.889
314.44
313.998
313.555
313.102
312.643
312.184
311.72
311.239
310.741
310.23
309.709
309.178
308.637
308.086
307.527
306.959
306.383
305.797
305.203
304.598
303.982
303.356
302.717
302.066
301.402
300.725
300.036
299.335
298.621
297.895
297.157
296.407
295.645
294.871
294.086
293.29
292.484
291.666
290.838
289.999
289.151
288.292
287.424
286.545
285.658
284.76
283.854
282.938
282.013
281.079
280.136
279.184
278.224
277.254
276.276
275.289
274.294
273.289
272.276
271.255
270.224
269.185
268.138
267.081
266.016
264.942
263.86
262.768
261.668
260.558
259.44
258.313
257.177
256.031
254.877
253.713
252.54
251.358
250.166
248.965
247.754
246.534
245.304
244.064
242.815
241.556
240.287
239.007
237.718
236.419
235.11
233.79
232.46
231.119
229.768
228.407
227.034
225.652
224.258
222.853
221.437
220.011
218.573
217.124
215.663
214.192
212.708
211.214
209.707
208.189
206.659
205.117
203.563
201.997
200.418
198.828
197.224
195.609
193.981
192.34
190.687
189.021
187.341
185.649
183.943
182.225
180.493
178.748
176.989
175.216
173.43
171.63
169.816
167.989
166.148
164.292
162.423
160.54
158.644
156.733
154.809
152.872
150.923
148.961
146.99
145.003
143.018
141.01
139.021
137.005
135.022
133.036
131.073
129.173
127.259
328.115
327.407
326.632
325.875
325.197
324.605
324.056
323.505
322.939
322.374
321.831
321.317
320.813
320.297
319.766
319.239
318.731
318.243
317.765
317.286
316.808
316.335
315.869
315.406
314.946
314.494
314.052
313.609
313.159
312.7
312.235
311.761
311.274
310.773
310.261
309.738
309.205
308.659
308.102
307.536
306.962
306.381
305.793
305.196
304.591
303.976
303.35
302.711
302.06
301.397
300.72
300.031
299.33
298.616
297.89
297.152
296.402
295.64
294.867
294.082
293.286
292.48
291.662
290.834
289.996
289.147
288.289
287.421
286.543
285.655
284.758
283.851
282.936
282.011
281.077
280.134
279.183
278.222
277.253
276.275
275.288
274.292
273.288
272.275
271.254
270.223
269.185
268.137
267.081
266.015
264.942
263.859
262.768
261.667
260.558
259.44
258.313
257.176
256.031
254.877
253.713
252.54
251.357
250.166
248.965
247.754
246.534
245.304
244.064
242.815
241.556
240.287
239.007
237.718
236.419
235.11
233.79
232.46
231.119
229.768
228.407
227.034
225.652
224.258
222.853
221.438
220.011
218.573
217.124
215.663
214.192
212.708
211.214
209.707
208.189
206.659
205.117
203.563
201.997
200.418
198.828
197.225
195.609
193.981
192.341
190.687
189.021
187.341
185.649
183.944
182.225
180.493
178.748
176.989
175.216
173.43
171.63
169.817
167.989
166.148
164.293
162.424
160.541
158.644
156.734
154.81
152.873
150.925
148.962
146.992
145.006
143.022
141.013
139.03
137.01
135.041
133.049
131.111
129.222
127.366
327.965
327.253
326.534
325.841
325.193
324.591
324.018
323.459
322.906
322.36
321.826
321.308
320.798
320.29
319.779
319.272
318.776
318.29
317.811
317.333
316.86
316.39
315.924
315.462
315.006
314.555
314.106
313.653
313.193
312.727
312.257
311.78
311.292
310.792
310.278
309.752
309.214
308.664
308.103
307.533
306.955
306.372
305.782
305.186
304.581
303.967
303.341
302.704
302.053
301.39
300.715
300.026
299.325
298.612
297.886
297.148
296.398
295.637
294.864
294.079
293.283
292.477
291.66
290.832
289.994
289.145
288.287
287.419
286.541
285.653
284.756
283.85
282.934
282.01
281.076
280.133
279.181
278.221
277.252
276.274
275.287
274.291
273.287
272.274
271.253
270.223
269.184
268.137
267.08
266.015
264.941
263.859
262.767
261.667
260.558
259.44
258.313
257.176
256.031
254.876
253.713
252.54
251.358
250.166
248.965
247.754
246.534
245.304
244.064
242.815
241.556
240.287
239.008
237.718
236.419
235.11
233.79
232.46
231.12
229.768
228.407
227.035
225.652
224.258
222.853
221.438
220.011
218.573
217.124
215.664
214.192
212.709
211.214
209.707
208.189
206.659
205.117
203.563
201.997
200.418
198.828
197.225
195.609
193.981
192.341
190.687
189.021
187.342
185.649
183.944
182.225
180.493
178.748
176.989
175.217
173.431
171.631
169.817
167.99
166.148
164.293
162.424
160.541
158.645
156.734
154.811
152.874
150.926
148.964
146.994
145.007
143.025
141.016
139.036
137.013
135.054
133.057
131.143
129.252
127.458
327.871
327.169
326.495
325.839
325.203
324.592
324.005
323.439
322.889
322.352
321.829
321.315
320.809
320.306
319.805
319.307
318.812
318.319
317.831
317.347
316.868
316.395
315.929
315.466
315.008
314.553
314.1
313.647
313.19
312.728
312.259
311.783
311.296
310.796
310.281
309.753
309.212
308.658
308.095
307.523
306.944
306.361
305.772
305.176
304.573
303.959
303.335
302.698
302.049
301.386
300.711
300.023
299.322
298.609
297.883
297.146
296.396
295.635
294.862
294.077
293.282
292.476
291.659
290.831
289.993
289.144
288.286
287.418
286.54
285.653
284.756
283.849
282.934
282.009
281.076
280.133
279.181
278.221
277.252
276.274
275.287
274.291
273.287
272.274
271.253
270.223
269.184
268.137
267.08
266.015
264.941
263.859
262.768
261.667
260.558
259.44
258.313
257.176
256.031
254.877
253.713
252.54
251.358
250.166
248.965
247.754
246.534
245.304
244.064
242.815
241.556
240.287
239.008
237.719
236.419
235.11
233.79
232.46
231.12
229.768
228.407
227.035
225.652
224.258
222.853
221.438
220.011
218.573
217.124
215.664
214.192
212.709
211.214
209.707
208.189
206.659
205.117
203.563
201.997
200.418
198.828
197.225
195.609
193.981
192.341
190.687
189.021
187.342
185.649
183.944
182.225
180.493
178.748
176.989
175.217
173.43
171.631
169.817
167.99
166.148
164.293
162.424
160.541
158.645
156.734
154.811
152.874
150.926
148.964
146.994
145.008
143.026
141.017
139.038
137.015
135.06
133.061
131.16
129.266
127.52
327.837
327.167
326.516
325.871
325.236
324.617
324.018
323.443
322.888
322.351
321.829
321.317
320.812
320.312
319.815
319.32
318.825
318.332
317.843
317.36
316.883
316.413
315.947
315.485
315.026
314.57
314.116
313.661
313.201
312.737
312.266
311.788
311.3
310.8
310.286
309.757
309.215
308.66
308.094
307.521
306.942
306.358
305.769
305.174
304.571
303.958
303.334
302.697
302.048
301.386
300.711
300.023
299.322
298.609
297.883
297.146
296.396
295.635
294.862
294.077
293.282
292.476
291.659
290.831
289.993
289.144
288.286
287.418
286.54
285.652
284.755
283.849
282.934
282.009
281.075
280.133
279.181
278.221
277.251
276.273
275.287
274.291
273.287
272.274
271.253
270.223
269.184
268.136
267.08
266.015
264.941
263.859
262.767
261.667
260.558
259.44
258.312
257.176
256.031
254.876
253.712
252.54
251.357
250.166
248.964
247.754
246.533
245.304
244.064
242.815
241.556
240.286
239.007
237.718
236.419
235.109
233.79
232.46
231.119
229.768
228.406
227.034
225.651
224.258
222.853
221.437
220.01
218.573
217.124
215.663
214.191
212.708
211.213
209.707
208.189
206.659
205.117
203.563
201.996
200.418
198.827
197.224
195.609
193.981
192.34
190.687
189.02
187.341
185.649
183.943
182.225
180.493
178.748
176.989
175.216
173.43
171.63
169.817
167.989
166.148
164.293
162.424
160.541
158.644
156.734
154.811
152.874
150.926
148.964
146.994
145.008
143.026
141.017
139.038
137.016
135.062
133.062
131.167
129.268
127.555
327.898
327.224
326.55
325.891
325.252
324.632
324.032
323.453
322.896
322.357
321.833
321.319
320.813
320.311
319.813
319.317
318.822
318.33
317.841
317.358
316.88
316.409
315.943
315.48
315.021
314.564
314.109
313.652
313.194
312.73
312.261
311.783
311.295
310.793
310.278
309.749
309.208
308.655
308.091
307.52
306.942
306.359
305.77
305.174
304.571
303.958
303.333
302.696
302.047
301.384
300.709
300.021
299.321
298.608
297.882
297.144
296.395
295.634
294.861
294.076
293.281
292.475
291.657
290.83
289.992
289.143
288.285
287.417
286.539
285.651
284.755
283.848
282.933
282.008
281.074
280.132
279.18
278.22
277.251
276.273
275.286
274.29
273.286
272.273
271.252
270.222
269.183
268.135
267.079
266.014
264.94
263.858
262.766
261.666
260.557
259.439
258.312
257.175
256.03
254.875
253.712
252.539
251.356
250.165
248.964
247.753
246.533
245.303
244.063
242.814
241.555
240.286
239.007
237.717
236.418
235.109
233.789
232.459
231.118
229.767
228.406
227.034
225.651
224.257
222.852
221.437
220.01
218.572
217.123
215.663
214.191
212.708
211.213
209.706
208.188
206.658
205.116
203.562
201.996
200.418
198.827
197.224
195.609
193.981
192.34
190.687
189.02
187.341
185.648
183.943
182.224
180.493
178.747
176.988
175.216
173.43
171.63
169.816
167.989
166.148
164.293
162.424
160.541
158.644
156.734
154.811
152.874
150.926
148.964
146.994
145.008
143.026
141.017
139.039
137.016
135.062
133.061
131.168
129.266
127.563
125.83
123.436
120.79
117.94
114.944
111.845
108.65
105.333
101.866
98.2267
94.395
90.3486
86.0723
81.5375
76.7389
71.6192
66.2064
60.3787
54.2327
47.5639
40.5031
32.8564
24.6232
15.6621
6.11523
125.641
123.286
120.629
117.787
114.811
111.73
108.544
105.231
101.765
98.1258
94.2935
90.2462
85.9692
81.4328
76.6328
71.5111
66.0972
60.2681
54.1209
47.4513
40.3882
32.7418
24.5055
15.5494
5.99417
125.294
123.023
120.416
117.618
114.678
111.62
108.443
105.13
101.663
98.0228
94.1902
90.1429
85.8663
81.3302
76.5312
71.4095
65.9958
60.1661
54.0199
47.3488
40.2871
32.6392
24.4023
15.4545
5.9005
125.004
122.783
120.227
117.454
114.535
111.501
108.339
105.032
101.569
97.9304
94.0986
90.0513
85.7744
81.2377
76.4383
71.3159
65.9019
60.0721
53.925
47.2546
40.1909
32.5445
24.3039
15.375
5.82593
124.763
122.543
120.035
117.294
114.4
111.384
108.237
104.936
101.473
97.8331
94.0004
89.9521
85.6744
81.1372
76.3376
71.2147
65.8011
59.9698
53.8238
47.1513
40.0895
32.4437
24.2014
15.3005
5.7654
124.556
122.328
119.86
117.149
114.27
111.268
108.133
104.839
101.378
97.7401
93.9083
89.8608
85.5837
81.0464
76.2468
71.1235
65.7102
59.8783
53.7328
47.06
39.9981
32.3542
24.109
15.2364
5.71916
124.38
122.137
119.689
117.005
114.145
111.156
108.032
104.746
101.289
97.6525
93.8212
89.7737
85.4963
80.9587
76.1589
71.035
65.6215
59.7883
53.6433
46.9695
39.9074
32.2658
24.0167
15.1712
5.67185
124.226
121.965
119.529
116.872
114.028
111.048
107.933
104.654
101.2
97.5647
93.7343
89.6872
85.4097
80.8719
76.0715
70.9473
65.5334
59.6999
53.5547
46.8809
39.8182
32.1791
23.9296
15.1068
5.62991
124.085
121.813
119.38
116.742
113.915
110.945
107.838
104.566
101.117
97.4841
93.6548
89.6084
85.3311
80.7934
75.9928
70.8685
65.4537
59.6202
53.4739
46.8007
39.736
32.1008
23.8497
15.0482
5.5949
123.957
121.676
119.242
116.62
113.809
110.848
107.746
104.481
101.035
97.404
93.5755
89.5295
85.2521
80.7143
75.913
70.7886
65.3732
59.5398
53.3931
46.7205
39.6549
32.0229
23.7728
14.99
5.56036
123.841
121.552
119.116
116.505
113.707
110.755
107.659
104.4
100.959
97.33
93.503
89.4579
85.181
80.6434
75.8417
70.7175
65.3007
59.4682
53.3195
46.6486
39.5808
31.9525
23.7038
14.9373
5.53298
123.734
121.439
119.001
116.397
113.612
110.668
107.577
104.322
100.885
97.2583
93.4322
89.3876
85.1107
80.5732
75.7711
70.6469
65.2295
59.3976
53.248
46.5785
39.5092
31.8849
23.638
14.8868
5.50701
123.636
121.336
118.895
116.297
113.522
110.586
107.499
104.248
100.815
97.1913
93.3667
89.3232
85.0467
80.5094
75.7066
70.5827
65.1637
59.3331
53.1814
46.5139
39.4428
31.8217
23.5783
14.8401
5.48451
123.547
121.243
118.799
116.204
113.438
110.509
107.427
104.179
100.75
97.1281
93.3046
89.2617
84.9854
80.4484
75.6452
70.5216
65.1016
59.272
53.1188
46.4534
39.3802
31.7629
23.5229
14.7963
5.46473
123.466
121.157
118.712
116.118
113.359
110.437
107.359
104.115
100.688
97.0689
93.2467
89.2047
84.9288
80.392
75.5883
70.4649
65.0437
59.2154
53.0603
46.397
39.3224
31.7079
23.472
14.7561
5.44717
123.393
121.08
118.633
116.041
113.287
110.37
107.296
104.055
100.631
97.014
93.193
89.1518
84.8761
80.3395
75.5353
70.4123
64.99
59.1628
53.006
46.3447
39.2686
31.6572
23.4254
14.7188
5.4319
123.326
121.01
118.561
115.97
113.22
110.309
107.238
103.999
100.578
96.9632
93.1435
89.1029
84.8275
80.2912
75.4865
70.3638
64.9404
59.1143
52.9558
46.2967
39.219
31.6104
23.383
14.6846
5.41831
123.267
120.948
118.497
115.906
113.159
110.252
107.185
103.949
100.53
96.9167
93.0981
89.0583
84.7831
80.2471
75.4419
70.3194
64.8949
59.07
52.9097
46.2526
39.1738
31.5674
23.3447
14.6534
5.40656
123.214
120.891
118.439
115.847
113.103
110.2
107.135
103.901
100.484
96.872
93.0542
89.0147
84.7394
80.2031
75.397
70.2742
64.8481
59.0234
52.8607
46.2046
39.1234
31.5182
23.2987
14.6126
5.38396
123.167
120.842
118.388
115.796
113.054
110.153
107.091
103.859
100.443
96.8327
93.0158
88.9767
84.7013
80.165
75.3583
70.2355
64.808
58.9841
52.8192
46.165
39.0816
31.479
23.2633
14.5837
5.37408
123.127
120.799
118.344
115.751
113.01
110.113
107.053
103.822
100.407
96.7983
92.9821
88.9434
84.6681
80.1317
75.3244
70.2016
64.7728
58.9497
52.7829
46.1302
39.0452
31.4444
23.2327
14.5582
5.36476
123.092
120.763
118.306
115.713
112.974
110.078
107.02
103.79
100.377
96.7687
92.9532
88.9149
84.6396
80.1033
75.2954
70.1726
64.7428
58.9203
52.7518
46.1006
39.0141
31.4151
23.207
14.5366
5.35742
123.064
120.733
118.275
115.682
112.943
110.049
106.992
103.763
100.351
96.7441
92.9292
88.8912
84.616
80.0797
75.2714
70.1487
64.7179
58.896
52.726
46.076
38.9884
31.3907
23.1859
14.519
5.35142
123.041
120.709
118.251
115.657
112.918
110.026
106.97
103.742
100.331
96.7245
92.9101
88.8724
84.5972
80.0609
75.2523
70.1296
64.6982
58.8768
52.7055
46.0566
38.968
31.3714
23.1694
14.505
5.3467
123.024
120.691
118.232
115.638
112.9
110.008
106.953
103.726
100.316
96.7099
92.8959
88.8585
84.5833
80.0471
75.2383
70.1156
64.6836
58.8625
52.6903
46.0423
38.9529
31.3572
23.1574
14.4947
5.3433
123.013
120.68
118.22
115.626
112.888
109.996
106.942
103.716
100.306
96.7004
92.8867
88.8494
84.5743
80.0381
75.2291
70.1065
64.6741
58.8534
52.6805
46.033
38.9432
31.3479
23.1497
14.4882
5.34125
123.008
120.674
118.214
115.62
112.882
109.991
106.937
103.711
100.301
96.6959
92.8824
88.8453
84.5702
80.0341
75.225
70.1024
64.6698
58.8492
52.6759
46.0287
38.9388
31.3436
23.1464
14.4852
5.34043
123.008
120.674
118.214
115.62
112.882
109.991
106.937
103.711
100.302
96.6969
92.8836
88.8467
84.5717
80.0357
75.2267
70.1044
64.6718
58.8514
52.6782
46.0312
38.9416
31.3466
23.15
14.489
5.34446
123.014
120.68
118.22
115.626
112.888
109.997
106.943
103.717
100.307
96.7022
92.8889
88.8519
84.577
80.041
75.2321
70.1097
64.6772
58.8567
52.6836
46.0363
38.947
31.3515
23.1545
14.4928
5.34604
123.025
120.691
118.232
115.638
112.899
110.008
106.954
103.727
100.318
96.7123
92.8988
88.8618
84.5869
80.0509
75.242
70.1196
64.6873
58.8666
52.6938
46.046
38.957
31.3609
23.1628
14.4997
5.34885
123.041
120.708
118.249
115.656
112.917
110.024
106.969
103.743
100.333
96.727
92.9134
88.8762
84.6013
80.0652
75.2566
70.1341
64.7021
58.881
52.7088
46.0602
38.9717
31.3746
23.1748
14.5099
5.35292
123.063
120.731
118.273
115.68
112.94
110.046
106.991
103.763
100.353
96.7465
92.9325
88.8952
84.6202
80.0841
75.2757
70.1531
64.7216
58.8999
52.7285
46.0788
38.9911
31.3927
23.1906
14.5232
5.35822
123.091
120.76
118.303
115.709
112.969
110.074
107.017
103.789
100.378
96.7708
92.9563
88.9187
84.6436
80.1075
75.2993
70.1766
64.7457
58.9234
52.7529
46.1019
39.0151
31.4152
23.2104
14.5398
5.36491
123.124
120.795
118.339
115.746
113.004
110.107
107.049
103.819
100.407
96.7997
92.9847
88.9467
84.6716
80.1354
75.3275
70.2046
64.7745
58.9513
52.7821
46.1294
39.0439
31.4419
23.2341
14.5597
5.37269
123.166
120.839
118.384
115.791
113.048
110.149
107.088
103.858
100.445
96.8361
93.0203
88.982
84.7069
80.1706
75.3633
70.2403
64.8112
58.9873
52.8198
46.1656
39.0817
31.478
23.2672
14.5889
5.38873
123.218
120.894
118.44
115.847
113.102
110.199
107.135
103.903
100.489
96.8789
93.0622
89.0232
84.7478
80.2112
75.4042
70.2808
64.8525
59.0272
52.8611
46.2046
39.1221
31.5156
23.3004
14.6165
5.39996
123.278
120.956
118.504
115.91
113.162
110.255
107.189
103.955
100.539
96.9273
93.1095
89.0698
84.7942
80.2573
75.4506
70.3266
64.8993
59.0724
52.908
46.2487
39.1678
31.5581
23.3385
14.6477
5.41333
123.346
121.028
118.576
115.983
113.231
110.318
107.249
104.013
100.595
96.9814
93.1623
89.1218
84.8457
80.3083
75.502
70.3773
64.9512
59.1226
52.96
46.298
39.2187
31.6055
23.3794
14.6827
5.42875
123.422
121.108
118.658
116.063
113.306
110.388
107.315
104.077
100.657
97.0408
93.2207
89.1795
84.9031
80.3652
75.5592
70.4341
65.0088
59.1786
53.0175
46.3523
39.2778
31.658
23.4275
14.7217
5.44677
123.509
121.198
118.75
116.153
113.388
110.464
107.388
104.148
100.724
97.1058
93.284
89.2417
84.9649
80.4264
75.621
70.4948
65.0711
59.2384
53.0801
46.4115
39.3332
31.7153
23.4804
14.7646
5.46662
123.605
121.298
118.852
116.251
113.478
110.546
107.466
104.223
100.796
97.1764
93.3536
89.3104
85.0331
80.4942
75.6889
70.5625
65.1394
59.3057
53.1483
46.4768
39.4017
31.778
23.5391
14.8119
5.49115
123.712
121.41
118.964
116.358
113.574
110.634
107.551
104.305
100.875
97.2514
93.427
89.3829
85.1052
80.5657
75.7609
70.6334
65.212
59.3754
53.2211
46.5462
39.4734
31.8456
23.6031
14.8627
5.51726
123.83
121.533
119.09
116.474
113.676
110.728
107.642
104.392
100.958
97.3331
93.5074
89.4622
85.1839
80.644
75.8395
70.7116
65.2909
59.4538
53.3001
46.6227
39.5525
31.9189
23.6738
14.9188
5.54909
123.961
121.671
119.227
116.598
113.784
110.828
107.739
104.484
101.046
97.4178
93.591
89.5449
85.2662
80.7257
75.9217
70.7928
65.3734
59.5334
53.3829
46.7028
39.6353
31.9973
23.7499
14.9785
5.58272
124.115
121.835
119.388
116.737
113.906
110.942
107.847
104.588
101.145
97.5155
93.6873
89.6402
85.3611
80.8202
76.0165
70.8873
65.4689
59.6279
53.4781
46.7958
39.7306
32.0864
23.8387
15.0466
5.62326
124.29
122.022
119.566
116.884
114.034
111.064
107.964
104.697
101.25
97.6181
93.7889
89.7412
85.462
80.9211
76.118
70.9885
65.5712
59.729
53.5814
46.8983
39.834
32.1876
23.9405
15.1251
5.67614
124.468
122.213
119.734
117.022
114.156
111.177
108.072
104.799
101.349
97.7161
93.8862
89.8379
85.5586
81.0176
76.2149
71.0855
65.669
59.8274
53.6802
46.9971
39.9356
32.285
24.041
15.2012
5.73138
124.651
122.406
119.89
117.148
114.269
111.284
108.17
104.892
101.44
97.8053
93.9747
89.9262
85.6472
81.1063
76.304
71.1749
65.7587
59.918
53.7707
47.089
40.0284
32.3758
24.135
15.2717
5.79
124.841
122.595
120.033
117.265
114.373
111.38
108.26
104.978
101.524
97.8888
94.0577
90.0091
85.73
81.1893
76.3872
71.2585
65.8424
60.0028
53.8549
47.1747
40.1144
32.4608
24.2226
15.3371
5.8442
125.04
122.774
120.164
117.374
114.47
111.468
108.34
105.055
101.6
97.9642
94.1329
90.0844
85.8057
81.2653
76.4635
71.3353
65.9193
60.0813
53.9326
47.2548
40.1933
32.5408
24.3045
15.3983
5.90204
125.245
122.939
120.285
117.474
114.558
111.546
108.412
105.125
101.669
98.0332
94.2015
90.1527
85.8739
81.3337
76.5318
71.404
65.9875
60.1509
54.0013
47.3251
40.2635
32.6109
24.3775
15.4529
5.95172
125.453
123.089
120.396
117.566
114.637
111.615
108.476
105.187
101.732
98.096
94.2646
90.2162
85.9378
81.3977
76.5959
71.4682
66.0516
60.2152
54.0656
47.3897
40.3282
32.6757
24.4439
15.5059
6.00743
125.656
123.222
120.499
117.65
114.707
111.676
108.532
105.243
101.788
98.1516
94.32
90.2715
85.9931
81.4532
76.6515
71.5238
66.1076
60.2714
54.1224
47.4471
40.3864
32.7346
24.5043
15.5583
6.06133
125.835
123.334
120.589
117.724
114.767
111.728
108.582
105.293
101.837
98.2014
94.3699
90.3217
86.0435
81.5037
76.7023
71.5748
66.1591
60.3232
54.1749
47.5001
40.4401
32.789
24.5597
15.6095
6.11576
125.961
123.415
120.66
117.782
114.817
111.773
108.626
105.337
101.882
98.2463
94.415
90.3671
86.0894
81.5499
76.7489
71.6216
66.2065
60.3707
54.223
47.5487
40.4892
32.8391
24.6104
15.6586
6.17093
126.042
123.474
120.709
117.824
114.857
111.813
108.666
105.377
101.922
98.2859
94.4548
90.4072
86.1298
81.5906
76.79
71.6629
66.2482
60.4127
54.2656
47.5918
40.5329
32.8838
24.6558
15.7042
6.2227
126.088
123.517
120.75
117.864
114.895
111.85
108.703
105.413
101.958
98.3225
94.4915
90.4441
86.1669
81.628
76.8276
71.7007
66.2864
60.4511
54.3045
47.631
40.5727
32.9244
24.6971
15.746
6.27165
)
;

boundaryField
{
    inlet
    {
        type            zeroGradient;
    }
    outlet
    {
        type            fixedValue;
        value           uniform 0;
    }
    upperWall
    {
        type            zeroGradient;
    }
    lowerWall
    {
        type            zeroGradient;
    }
    frontAndBack
    {
        type            empty;
    }
}


// ************************************************************************* //
