/*--------------------------------*- C++ -*----------------------------------*\
| =========                 |                                                 |
| \\      /  F ield         | OpenFOAM: The Open Source CFD Toolbox           |
|  \\    /   O peration     | Version:  2.1.x                                 |
|   \\  /    A nd           | Web:      www.OpenFOAM.org                      |
|    \\/     M anipulation  |                                                 |
\*---------------------------------------------------------------------------*/
FoamFile
{
    version     2.0;
    format      ascii;
    class       volScalarField;
    location    "0.002";
    object      p;
}
// * * * * * * * * * * * * * * * * * * * * * * * * * * * * * * * * * * * * * //

dimensions      [0 2 -2 0 0 0 0];

internalField   nonuniform List<scalar> 
12225
(
1175.78
1156.91
1144.9
1136.6
1127.82
1119.37
1111.45
1101.47
1091.7
1085.48
1077.15
1065.07
1056.49
1050.63
1040.85
1026.82
1014.41
1000.68
1172.15
1156.8
1145.09
1136.72
1127.89
1119.36
1111.49
1101.5
1091.56
1085.47
1077.31
1065.02
1056.4
1050.73
1041.22
1027.09
1014.34
1003.62
1170.42
1157.32
1145.81
1137.15
1128.11
1119.53
1111.74
1101.63
1091.53
1085.43
1077.44
1065.06
1056.38
1050.82
1041.48
1027.71
1016.09
1007.24
1170.16
1158.15
1146.77
1137.68
1128.57
1119.78
1111.83
1101.93
1091.95
1085.42
1077.39
1065.5
1056.87
1050.97
1041.7
1029.48
1018.89
1011.02
1171.7
1158.89
1147.77
1138.43
1129.15
1120.11
1112.08
1102.54
1092.56
1085.47
1077.56
1066.38
1057.67
1051.52
1042.45
1031.37
1022.05
1014.78
1171.99
1159.71
1148.95
1139.25
1129.89
1120.57
1112.28
1103.29
1093.48
1085.65
1077.77
1067.61
1058.85
1052.26
1043.63
1033.5
1025
1018.42
1169.02
1160.34
1150.1
1140.22
1130.61
1121.09
1112.69
1103.89
1094.3
1085.98
1078.12
1068.69
1059.92
1053.07
1045.18
1035.74
1027.68
1021.6
1167.51
1161.03
1151.23
1141.21
1131.3
1121.61
1112.97
1104.47
1095.1
1086.42
1078.52
1069.63
1061.02
1054.04
1046.54
1037.8
1030.26
1024.33
1167.76
1162.04
1152.34
1142.12
1132.05
1122.17
1113.37
1105.01
1095.84
1086.93
1078.87
1070.52
1062.22
1054.97
1047.8
1039.84
1032.3
1026.45
1170.9
1163.72
1153.69
1143.24
1132.84
1122.85
1113.92
1105.51
1096.6
1087.67
1079.48
1071.48
1063.45
1056.23
1049.4
1041.88
1034.85
1029.3
1175.19
1166.27
1155.35
1144.48
1133.9
1123.71
1114.53
1106.21
1097.53
1088.47
1080.19
1072.61
1065.03
1057.76
1050.99
1044.13
1037.48
1031.61
1186.07
1169.83
1157.23
1145.89
1134.97
1124.6
1115.44
1107.02
1098.38
1089.6
1081.34
1073.75
1066.53
1059.63
1053
1046.42
1040.28
1035.05
1192.31
1173.01
1159.18
1147.33
1136.22
1125.73
1116.38
1107.91
1099.52
1090.82
1082.48
1075.2
1068.45
1061.58
1055
1049
1043.2
1037.58
1194.65
1175.29
1160.88
1148.74
1137.42
1126.82
1117.46
1109.06
1100.68
1092.12
1084.09
1076.93
1070.23
1063.75
1057.57
1051.58
1046.02
1041.25
1192.79
1175.85
1161.8
1149.8
1138.54
1127.95
1118.62
1110.23
1101.97
1093.63
1085.7
1078.69
1072.35
1066.14
1060.01
1054.31
1049.16
1044.22
1188.13
1174.16
1161.71
1150.36
1139.35
1128.89
1119.68
1111.44
1103.33
1095.14
1087.45
1080.69
1074.53
1068.55
1062.75
1057.29
1052.23
1047.67
1179.4
1171.66
1161.06
1150.54
1139.92
1129.65
1120.61
1112.54
1104.57
1096.6
1089.17
1082.62
1076.66
1070.9
1065.28
1060
1055.17
1050.71
1184.23
1173.44
1161.64
1150.6
1139.95
1129.89
1121.09
1113.25
1105.5
1097.75
1090.57
1084.25
1078.49
1072.91
1067.49
1062.39
1057.72
1053.4
1196.44
1177.14
1162.3
1150.35
1139.61
1129.67
1121.03
1113.42
1105.95
1098.45
1091.48
1085.36
1079.79
1074.38
1069.1
1064.15
1059.6
1055.4
1198.04
1175.54
1160.5
1148.86
1138.45
1128.82
1120.51
1113.21
1106.01
1098.74
1091.96
1086.03
1080.64
1075.38
1070.24
1065.4
1060.95
1056.84
1187.37
1169.53
1156.93
1146.5
1136.74
1127.57
1119.67
1112.73
1105.82
1098.79
1092.21
1086.46
1081.21
1076.08
1071.04
1066.28
1061.92
1057.87
1165.74
1161.23
1152.67
1143.74
1134.78
1126.2
1118.75
1112.13
1105.47
1098.65
1092.27
1086.68
1081.56
1076.52
1071.56
1066.88
1062.58
1058.58
1160.66
1156.44
1149.26
1141.28
1132.98
1124.92
1117.87
1111.52
1105.07
1098.45
1092.24
1086.77
1081.74
1076.77
1071.88
1067.28
1063.03
1059.07
1159.81
1153.39
1146.57
1139.12
1131.33
1123.77
1117.05
1110.91
1104.63
1098.19
1092.15
1086.79
1081.82
1076.91
1072.09
1067.55
1063.35
1059.42
1156.69
1150.94
1144.48
1137.36
1129.96
1122.83
1116.38
1110.33
1104.16
1097.93
1092.07
1086.8
1081.86
1077
1072.23
1067.74
1063.56
1059.65
1150.99
1148.92
1142.8
1135.78
1128.72
1122.02
1115.77
1109.77
1103.72
1097.67
1091.97
1086.75
1081.82
1076.99
1072.29
1067.84
1063.68
1059.78
1150.33
1147.99
1141.49
1134.49
1127.78
1121.42
1115.23
1109.16
1103.23
1097.47
1091.96
1086.76
1081.81
1077
1072.36
1067.93
1063.76
1059.83
1154.01
1147.9
1140.46
1133.4
1127.04
1121
1114.87
1108.68
1102.77
1097.24
1091.91
1086.72
1081.72
1076.94
1072.35
1067.95
1063.76
1059.81
1156.59
1147.97
1139.43
1132.42
1126.41
1120.62
1114.6
1108.44
1102.61
1097.22
1091.95
1086.77
1081.75
1076.97
1072.39
1068
1063.79
1059.77
1163.44
1148.84
1139.34
1132.24
1126.23
1120.45
1114.47
1108.39
1102.65
1097.24
1091.97
1086.79
1081.77
1076.99
1072.42
1068.03
1063.84
1059.86
958.625
958.619
958.599
958.567
958.522
958.462
958.386
958.294
958.183
958.053
957.9
957.722
957.519
957.286
957.022
956.724
956.39
956.017
955.601
955.142
954.636
954.081
953.476
952.818
952.105
951.337
950.512
949.63
948.689
947.689
946.63
945.512
944.335
943.099
941.806
940.455
939.047
937.583
936.065
934.492
932.867
931.19
929.462
927.685
925.859
923.985
922.065
920.1
918.091
916.038
913.943
911.806
909.629
907.412
905.156
902.862
900.531
898.162
895.758
893.318
890.843
888.333
885.79
883.213
880.603
877.96
875.285
872.578
869.84
867.07
864.268
861.437
858.574
855.681
852.758
849.804
846.82
843.807
840.764
837.692
834.59
831.459
828.298
825.108
821.888
818.639
815.36
812.053
808.715
805.349
801.953
798.527
795.072
791.587
788.072
784.527
780.953
777.348
773.713
770.048
766.353
762.627
758.87
755.083
751.264
747.414
743.534
739.621
735.677
731.702
727.694
723.654
719.581
715.476
711.339
707.168
702.964
698.727
694.456
690.151
685.812
681.438
677.031
672.588
668.11
663.598
659.049
654.465
649.845
645.188
640.495
635.765
630.998
626.194
621.351
616.471
611.553
606.596
601.601
596.566
591.492
586.378
581.225
576.031
570.796
565.521
560.204
554.846
549.447
544.005
538.52
532.993
527.423
521.809
516.152
510.451
504.705
498.915
493.081
487.201
481.276
475.306
469.29
463.229
457.122
450.969
444.772
438.53
432.244
425.915
419.546
413.138
406.694
400.224
393.724
387.231
380.709
374.289
367.86
361.726
958.662
958.656
958.637
958.606
958.562
958.505
958.432
958.343
958.235
958.108
957.959
957.786
957.586
957.358
957.098
956.804
956.473
956.102
955.69
955.233
954.729
954.176
953.572
952.914
952.202
951.433
950.607
949.723
948.781
947.779
946.717
945.596
944.416
943.178
941.881
940.526
939.115
937.648
936.126
934.55
932.921
931.241
929.509
927.729
925.9
924.023
922.101
920.133
918.121
916.065
913.968
911.829
909.65
907.431
905.173
902.877
900.544
898.174
895.768
893.327
890.851
888.34
885.796
883.218
880.607
877.963
875.288
872.58
869.841
867.07
864.268
861.436
858.573
855.679
852.756
849.802
846.819
843.806
840.763
837.69
834.588
831.456
828.295
825.105
821.885
818.636
815.357
812.049
808.712
805.345
801.949
798.523
795.068
791.583
788.068
784.523
780.949
777.344
773.709
770.044
766.349
762.623
758.866
755.078
751.26
747.41
743.529
739.617
735.673
731.697
727.689
723.649
719.577
715.472
711.334
707.164
702.96
698.722
694.451
690.147
685.808
681.434
677.027
672.584
668.107
663.594
659.045
654.461
649.841
645.184
640.491
635.761
630.994
626.19
621.348
616.468
611.55
606.593
601.597
596.563
591.489
586.375
581.222
576.028
570.793
565.518
560.202
554.844
549.444
544.002
538.517
532.99
527.42
521.807
516.149
510.448
504.703
498.913
493.078
487.199
481.274
475.303
469.288
463.226
457.119
450.967
444.769
438.527
432.241
425.912
419.541
413.133
406.688
400.215
393.713
387.212
380.691
374.23
367.792
361.469
958.734
958.729
958.712
958.683
958.642
958.589
958.521
958.438
958.337
958.217
958.076
957.91
957.719
957.498
957.246
956.96
956.636
956.272
955.865
955.413
954.913
954.362
953.759
953.103
952.39
951.62
950.792
949.905
948.959
947.952
946.886
945.76
944.574
943.329
942.026
940.665
939.247
937.773
936.245
934.662
933.027
931.34
929.603
927.817
925.982
924.1
922.173
920.2
918.183
916.124
914.022
911.879
909.696
907.474
905.213
902.914
900.578
898.206
895.797
893.354
890.875
888.363
885.816
883.236
880.624
877.979
875.302
872.593
869.852
867.08
864.278
861.444
858.58
855.686
852.762
849.808
846.824
843.81
840.766
837.693
834.59
831.458
828.296
825.105
821.885
818.636
815.357
812.049
808.711
805.344
801.948
798.522
795.066
791.581
788.066
784.521
780.947
777.342
773.707
770.042
766.346
762.62
758.863
755.076
751.257
747.407
743.526
739.614
735.67
731.694
727.686
723.646
719.574
715.469
711.331
707.16
702.956
698.719
694.448
690.143
685.804
681.431
677.023
672.581
668.103
663.591
659.042
654.458
649.838
645.181
640.488
635.758
630.991
626.187
621.345
616.465
611.547
606.59
601.595
596.56
591.486
586.373
581.219
576.025
570.791
565.515
560.199
554.841
549.441
543.999
538.515
532.988
527.418
521.804
516.147
510.446
504.701
498.911
493.076
487.196
481.271
475.301
469.285
463.224
457.116
450.964
444.766
438.523
432.236
425.906
419.535
413.124
406.677
400.2
393.695
387.18
380.651
374.142
367.659
361.18
958.841
958.837
958.821
958.795
958.76
958.712
958.652
958.578
958.487
958.378
958.249
958.096
957.917
957.709
957.469
957.194
956.881
956.527
956.128
955.683
955.189
954.643
954.043
953.387
952.674
951.903
951.072
950.181
949.229
948.216
947.142
946.008
944.814
943.56
942.247
940.877
939.449
937.966
936.428
934.836
933.192
931.496
929.75
927.955
926.112
924.223
922.288
920.308
918.284
916.218
914.111
911.962
909.774
907.546
905.28
902.977
900.637
898.26
895.848
893.401
890.919
888.403
885.854
883.272
880.656
878.009
875.329
872.618
869.876
867.102
864.298
861.463
858.597
855.702
852.776
849.821
846.835
843.82
840.776
837.701
834.598
831.465
828.303
825.111
821.89
818.64
815.361
812.052
808.714
805.346
801.95
798.523
795.067
791.582
788.066
784.521
780.946
777.341
773.706
770.041
766.345
762.619
758.862
755.074
751.255
747.405
743.524
739.612
735.668
731.692
727.684
723.644
719.571
715.466
711.329
707.158
702.954
698.716
694.445
690.141
685.802
681.429
677.021
672.578
668.101
663.588
659.039
654.455
649.835
645.179
640.486
635.756
630.989
626.184
621.342
616.462
611.544
606.588
601.592
596.558
591.484
586.37
581.217
576.023
570.789
565.513
560.197
554.839
549.439
543.997
538.513
532.986
527.416
521.802
516.145
510.444
504.699
498.909
493.074
487.194
481.269
475.299
469.283
463.221
457.113
450.96
444.762
438.518
432.23
425.899
419.526
413.113
406.663
400.18
393.669
387.138
380.594
374.04
367.503
360.912
958.98
958.974
958.96
958.939
958.909
958.871
958.821
958.759
958.682
958.589
958.475
958.339
958.178
957.987
957.764
957.506
957.208
956.867
956.481
956.046
955.56
955.02
954.424
953.77
953.056
952.282
951.447
950.55
949.591
948.569
947.486
946.341
945.135
943.87
942.545
941.162
939.722
938.226
936.675
935.071
933.414
931.707
929.95
928.144
926.29
924.391
922.446
920.456
918.424
916.35
914.234
912.078
909.882
907.648
905.376
903.066
900.72
898.338
895.921
893.469
890.983
888.462
885.909
883.323
880.704
878.053
875.371
872.657
869.912
867.135
864.329
861.491
858.624
855.726
852.799
849.841
846.854
843.838
840.792
837.716
834.611
831.477
828.314
825.121
821.899
818.648
815.368
812.059
808.72
805.352
801.954
798.527
795.071
791.585
788.069
784.523
780.948
777.343
773.707
770.041
766.345
762.619
758.861
755.073
751.254
747.404
743.523
739.611
735.666
731.69
727.682
723.642
719.569
715.464
711.326
707.156
702.952
698.714
694.443
690.138
685.799
681.426
677.018
672.576
668.098
663.585
659.037
654.453
649.833
645.176
640.483
635.753
630.986
626.182
621.34
616.46
611.542
606.585
601.59
596.556
591.482
586.368
581.214
576.021
570.786
565.511
560.195
554.837
549.437
543.995
538.511
532.984
527.414
521.8
516.143
510.442
504.697
498.907
493.072
487.192
481.267
475.296
469.28
463.218
457.11
450.956
444.757
438.513
432.223
425.891
419.515
413.099
406.645
400.155
393.636
387.088
380.524
373.928
367.336
360.663
959.142
959.136
959.123
959.107
959.085
959.057
959.021
958.974
958.916
958.842
958.751
958.637
958.499
958.331
958.131
957.894
957.616
957.294
956.923
956.502
956.026
955.494
954.902
954.25
953.536
952.759
951.919
951.014
950.045
949.012
947.917
946.758
945.538
944.257
942.917
941.518
940.063
938.551
936.985
935.365
933.694
931.972
930.2
928.381
926.514
924.602
922.645
920.644
918.601
916.516
914.391
912.225
910.02
907.778
905.498
903.18
900.827
898.439
896.015
893.557
891.065
888.54
885.981
883.39
880.767
878.112
875.426
872.708
869.959
867.18
864.37
861.53
858.66
855.759
852.829
849.87
846.881
843.862
840.814
837.737
834.63
831.495
828.33
825.136
821.913
818.661
815.38
812.069
808.729
805.36
801.962
798.534
795.077
791.59
788.074
784.527
780.952
777.346
773.71
770.043
766.347
762.62
758.862
755.074
751.255
747.405
743.523
739.61
735.666
731.689
727.681
723.641
719.568
715.463
711.325
707.154
702.95
698.712
694.441
690.136
685.797
681.424
677.016
672.574
668.096
663.583
659.035
654.451
649.83
645.174
640.481
635.751
630.984
626.18
621.338
616.458
611.54
606.583
601.588
596.553
591.479
586.366
581.212
576.019
570.784
565.509
560.193
554.835
549.435
543.993
538.509
532.982
527.412
521.799
516.141
510.44
504.695
498.905
493.07
487.19
481.264
475.293
469.277
463.214
457.106
450.952
444.752
438.506
432.215
425.881
419.502
413.083
406.623
400.126
393.596
387.032
380.443
373.814
367.165
360.427
959.319
959.313
959.302
959.29
959.277
959.262
959.241
959.215
959.179
959.131
959.066
958.982
958.873
958.736
958.565
958.355
958.103
957.804
957.455
957.05
956.588
956.065
955.48
954.83
954.115
953.334
952.486
951.572
950.591
949.544
948.433
947.258
946.021
944.722
943.363
941.945
940.47
938.94
937.355
935.717
934.028
932.289
930.501
928.665
926.783
924.856
922.885
920.871
918.814
916.717
914.58
912.403
910.188
907.935
905.646
903.32
900.958
898.561
896.13
893.665
891.166
888.634
886.07
883.474
880.845
878.185
875.494
872.772
870.019
867.235
864.422
861.578
858.705
855.801
852.868
849.906
846.914
843.893
840.843
837.764
834.655
831.518
828.351
825.156
821.931
818.677
815.395
812.083
808.742
805.372
801.972
798.543
795.085
791.598
788.08
784.534
780.957
777.35
773.714
770.047
766.35
762.623
758.865
755.076
751.256
747.406
743.524
739.611
735.666
731.689
727.681
723.64
719.567
715.462
711.324
707.153
702.949
698.711
694.44
690.135
685.796
681.422
677.014
672.572
668.094
663.581
659.033
654.449
649.828
645.172
640.479
635.749
630.982
626.178
621.336
616.456
611.538
606.581
601.586
596.551
591.477
586.364
581.21
576.017
570.782
565.507
560.191
554.833
549.433
543.991
538.507
532.98
527.41
521.797
516.139
510.438
504.693
498.902
493.067
487.187
481.262
475.291
469.274
463.211
457.102
450.947
444.745
438.499
432.206
425.869
419.488
413.064
406.598
400.093
393.551
386.97
380.357
373.695
366.997
360.209
959.501
959.492
959.482
959.475
959.471
959.469
959.467
959.463
959.456
959.439
959.409
959.361
959.291
959.191
959.058
958.884
958.666
958.397
958.073
957.69
957.245
956.734
956.156
955.509
954.793
954.006
953.149
952.223
951.227
950.164
949.034
947.839
946.581
945.26
943.879
942.439
940.942
939.39
937.783
936.125
934.415
932.656
930.848
928.994
927.095
925.15
923.163
921.133
919.062
916.951
914.8
912.611
910.383
908.119
905.819
903.482
901.111
898.705
896.265
893.792
891.285
888.746
886.175
883.572
880.937
878.271
875.575
872.847
870.089
867.301
864.483
861.636
858.758
855.851
852.915
849.95
846.955
843.931
840.878
837.796
834.685
831.546
828.377
825.179
821.953
818.698
815.413
812.1
808.758
805.386
801.985
798.556
795.096
791.608
788.089
784.542
780.964
777.357
773.72
770.052
766.355
762.627
758.868
755.079
751.259
747.408
743.525
739.612
735.667
731.69
727.681
723.641
719.567
715.462
711.323
707.152
702.948
698.71
694.439
690.134
685.794
681.421
677.013
672.57
668.092
663.579
659.031
654.447
649.826
645.17
640.477
635.747
630.98
626.176
621.334
616.454
611.536
606.579
601.584
596.549
591.475
586.362
581.208
576.015
570.78
565.505
560.189
554.831
549.431
543.989
538.505
532.978
527.408
521.795
516.137
510.436
504.691
498.9
493.065
487.185
481.259
475.288
469.27
463.207
457.097
450.941
444.739
438.49
432.196
425.856
419.472
413.043
406.571
400.057
393.503
386.906
380.269
373.577
366.836
360.003
959.66
959.652
959.642
959.64
959.646
959.659
959.677
959.7
959.722
959.742
959.752
959.753
959.731
959.681
959.596
959.47
959.294
959.064
958.774
958.419
957.995
957.499
956.931
956.287
955.568
954.775
953.907
952.965
951.952
950.869
949.717
948.498
947.215
945.869
944.463
942.997
941.475
939.898
938.267
936.584
934.851
933.07
931.241
929.366
927.446
925.483
923.477
921.43
919.342
917.215
915.049
912.846
910.605
908.328
906.015
903.668
901.285
898.869
896.419
893.937
891.422
888.874
886.295
883.685
881.043
878.371
875.668
872.934
870.171
867.378
864.555
861.702
858.821
855.91
852.969
850
847.002
843.975
840.919
837.834
834.721
831.579
828.407
825.208
821.979
818.722
815.436
812.12
808.776
805.404
802.001
798.57
795.11
791.62
788.101
784.552
780.973
777.365
773.727
770.059
766.36
762.632
758.873
755.083
751.262
747.411
743.528
739.614
735.669
731.691
727.682
723.641
719.568
715.462
711.323
707.152
702.947
698.709
694.438
690.133
685.793
681.42
677.012
672.569
668.091
663.578
659.029
654.445
649.825
645.168
640.475
635.745
630.978
626.174
621.332
616.452
611.534
606.577
601.582
596.547
591.473
586.36
581.206
576.013
570.779
565.503
560.187
554.829
549.429
543.988
538.503
532.976
527.406
521.793
516.136
510.434
504.688
498.898
493.063
487.182
481.256
475.284
469.267
463.202
457.092
450.935
444.732
438.482
432.185
425.843
419.454
413.021
406.542
400.019
393.452
386.839
380.179
373.459
366.681
359.809
959.776
959.766
959.755
959.754
959.767
959.792
959.83
959.879
959.938
960.001
960.063
960.117
960.155
960.177
960.156
960.091
959.974
959.795
959.549
959.23
958.834
958.358
957.8
957.161
956.439
955.637
954.755
953.796
952.762
951.654
950.477
949.231
947.92
946.545
945.11
943.616
942.065
940.46
938.802
937.092
935.334
933.528
931.675
929.777
927.835
925.851
923.825
921.759
919.653
917.509
915.327
913.107
910.852
908.561
906.235
903.874
901.48
899.052
896.592
894.099
891.574
889.017
886.43
883.811
881.162
878.482
875.772
873.032
870.263
867.464
864.636
861.778
858.891
855.976
853.031
850.058
847.056
844.025
840.966
837.878
834.761
831.616
828.442
825.24
822.009
818.75
815.461
812.144
808.798
805.424
802.02
798.587
795.125
791.634
788.114
784.564
780.984
777.375
773.736
770.067
766.368
762.638
758.878
755.088
751.267
747.415
743.532
739.617
735.671
731.694
727.684
723.643
719.569
715.463
711.324
707.152
702.947
698.709
694.438
690.132
685.793
681.419
677.011
672.568
668.09
663.577
659.028
654.444
649.823
645.166
640.473
635.743
630.976
626.172
621.33
616.45
611.532
606.575
601.58
596.545
591.472
586.358
581.205
576.011
570.777
565.501
560.185
554.827
549.428
543.986
538.502
532.975
527.404
521.791
516.134
510.432
504.686
498.896
493.06
487.18
481.253
475.281
469.263
463.198
457.087
450.929
444.724
438.472
432.174
425.828
419.436
412.997
406.511
399.979
393.4
386.771
380.089
373.345
366.534
359.628
959.796
959.786
959.763
959.761
959.774
959.806
959.858
959.931
960.024
960.136
960.26
960.391
960.514
960.619
960.69
960.714
960.677
960.57
960.385
960.114
959.755
959.304
958.761
958.127
957.402
956.589
955.691
954.71
953.651
952.516
951.309
950.032
948.689
947.282
945.815
944.289
942.707
941.071
939.383
937.645
935.859
934.025
932.147
930.224
928.259
926.252
924.205
922.118
919.992
917.829
915.63
913.393
911.122
908.815
906.475
904.101
901.693
899.253
896.781
894.277
891.742
889.175
886.578
883.951
881.293
878.605
875.888
873.141
870.365
867.559
864.725
861.862
858.97
856.049
853.1
850.122
847.116
844.081
841.018
837.926
834.806
831.658
828.481
825.276
822.043
818.781
815.49
812.171
808.823
805.446
802.041
798.607
795.143
791.65
788.129
784.577
780.997
777.386
773.746
770.076
766.376
762.646
758.885
755.094
751.272
747.42
743.536
739.621
735.674
731.696
727.687
723.645
719.571
715.464
711.325
707.153
702.948
698.71
694.438
690.132
685.792
681.418
677.01
672.567
668.089
663.576
659.027
654.442
649.822
645.165
640.472
635.742
630.975
626.17
621.328
616.448
611.53
606.573
601.578
596.544
591.47
586.356
581.203
576.009
570.775
565.5
560.183
554.826
549.426
543.984
538.5
532.973
527.403
521.789
516.132
510.43
504.684
498.894
493.058
487.177
481.25
475.278
469.259
463.194
457.081
450.922
444.716
438.462
432.161
425.813
419.416
412.972
406.48
399.939
393.347
386.703
380.002
373.234
366.395
359.46
959.666
959.66
959.65
959.631
959.607
959.62
959.653
959.723
959.839
960.001
960.204
960.439
960.685
960.923
961.128
961.28
961.361
961.357
961.257
961.054
960.745
960.328
959.805
959.177
958.449
957.623
956.706
955.701
954.613
953.447
952.206
950.895
949.516
948.074
946.571
945.011
943.395
941.726
940.006
938.237
936.421
934.559
932.653
930.704
928.714
926.683
924.613
922.504
920.358
918.175
915.956
913.702
911.413
909.09
906.734
904.345
901.924
899.471
896.986
894.47
891.924
889.347
886.739
884.102
881.435
878.739
876.014
873.259
870.476
867.663
864.822
861.953
859.055
856.129
853.175
850.192
847.181
844.142
841.075
837.979
834.856
831.704
828.524
825.316
822.08
818.815
815.522
812.201
808.851
805.472
802.064
798.628
795.163
791.669
788.145
784.593
781.011
777.399
773.758
770.087
766.386
762.655
758.893
755.101
751.279
747.425
743.541
739.625
735.678
731.7
727.689
723.647
719.573
715.466
711.326
707.154
702.949
698.71
694.438
690.132
685.792
681.418
677.01
672.566
668.088
663.575
659.026
654.441
649.821
645.164
640.471
635.741
630.973
626.169
621.327
616.447
611.529
606.572
601.576
596.542
591.468
586.355
581.201
576.008
570.773
565.498
560.182
554.824
549.424
543.982
538.498
532.971
527.401
521.787
516.13
510.428
504.682
498.891
493.056
487.174
481.247
475.274
469.255
463.189
457.076
450.916
444.708
438.452
432.149
425.797
419.397
412.947
406.448
399.898
393.295
386.636
379.917
373.128
366.264
359.304
959.146
959.138
959.104
959.06
959.02
958.965
958.907
958.943
959.075
959.299
959.619
960.018
960.457
960.91
961.328
961.683
961.946
962.097
962.123
962.018
961.781
961.412
960.916
960.299
959.567
958.729
957.79
956.757
955.637
954.436
953.159
951.809
950.393
948.913
947.373
945.775
944.123
942.42
940.666
938.865
937.017
935.125
933.19
931.214
929.197
927.141
925.046
922.914
920.746
918.542
916.303
914.03
911.723
909.384
907.011
904.607
902.171
899.704
897.206
894.677
892.119
889.53
886.912
884.265
881.589
878.883
876.149
873.386
870.595
867.776
864.928
862.052
859.148
856.216
853.256
850.268
847.252
844.208
841.137
838.037
834.91
831.755
828.571
825.36
822.121
818.853
815.557
812.233
808.881
805.5
802.09
798.652
795.185
791.689
788.164
784.61
781.027
777.414
773.771
770.099
766.397
762.665
758.902
755.109
751.286
747.432
743.547
739.631
735.683
731.704
727.693
723.65
719.575
715.468
711.328
707.156
702.95
698.711
694.439
690.133
685.792
681.418
677.009
672.566
668.088
663.574
659.025
654.44
649.82
645.163
640.469
635.739
630.972
626.168
621.325
616.445
611.527
606.57
601.575
596.54
591.467
586.353
581.2
576.006
570.772
565.496
560.18
554.822
549.423
543.981
538.496
532.969
527.399
521.785
516.128
510.426
504.68
498.889
493.053
487.172
481.244
475.271
469.251
463.184
457.07
450.909
444.7
438.442
432.136
425.781
419.377
412.922
406.416
399.857
393.243
386.57
379.835
373.027
366.141
359.159
958.214
958.176
958.045
957.865
957.649
957.447
957.305
957.159
957.222
957.475
957.965
958.639
959.415
960.255
961.046
961.752
962.316
962.714
962.934
962.973
962.837
962.534
962.075
961.474
960.741
959.888
958.926
957.863
956.709
955.47
954.154
952.765
951.308
949.788
948.209
946.573
944.884
943.144
941.356
939.521
937.641
935.718
933.753
931.748
929.704
927.621
925.502
923.346
921.155
918.929
916.67
914.377
912.051
909.694
907.304
904.884
902.432
899.951
897.439
894.897
892.326
889.726
887.096
884.438
881.752
879.037
876.293
873.522
870.722
867.895
865.04
862.157
859.247
856.308
853.343
850.349
847.328
844.279
841.203
838.099
834.968
831.809
828.622
825.407
822.164
818.893
815.595
812.268
808.913
805.53
802.118
798.678
795.209
791.711
788.184
784.628
781.044
777.429
773.786
770.112
766.409
762.676
758.912
755.118
751.294
747.439
743.553
739.636
735.688
731.708
727.697
723.654
719.578
715.471
711.33
707.157
702.951
698.712
694.44
690.133
685.793
681.418
677.01
672.566
668.087
663.574
659.025
654.44
649.819
645.162
640.468
635.738
630.971
626.166
621.324
616.444
611.526
606.569
601.574
596.539
591.465
586.352
581.198
576.004
570.77
565.495
560.179
554.821
549.421
543.979
538.495
532.967
527.397
521.783
516.126
510.424
504.678
498.887
493.051
487.169
481.241
475.267
469.247
463.179
457.065
450.902
444.691
438.432
432.124
425.765
419.357
412.897
406.384
399.817
393.193
386.508
379.757
372.932
366.027
359.025
956.096
955.966
955.647
955.151
954.55
953.868
953.223
952.698
952.714
953.092
954.012
955.305
956.803
958.434
959.939
961.273
962.348
963.145
963.657
963.902
963.903
963.686
963.276
962.693
961.959
961.09
960.102
959.007
957.816
956.538
955.18
953.75
952.252
950.692
949.072
947.397
945.67
943.894
942.07
940.201
938.288
936.333
934.338
932.303
930.231
928.122
925.977
923.796
921.582
919.334
917.053
914.74
912.395
910.018
907.611
905.174
902.707
900.21
897.683
895.128
892.544
889.931
887.29
884.621
881.923
879.198
876.445
873.665
870.857
868.022
865.159
862.269
859.351
856.406
853.434
850.435
847.409
844.355
841.274
838.165
835.029
831.866
828.675
825.457
822.211
818.937
815.635
812.305
808.948
805.562
802.148
798.705
795.234
791.734
788.206
784.648
781.062
777.446
773.801
770.126
766.422
762.687
758.923
755.128
751.303
747.447
743.561
739.643
735.694
731.714
727.702
723.658
719.582
715.474
711.333
707.16
702.953
698.714
694.441
690.134
685.794
681.419
677.01
672.566
668.087
663.574
659.024
654.439
649.818
645.161
640.468
635.737
630.97
626.165
621.323
616.443
611.524
606.568
601.572
596.538
591.464
586.35
581.197
576.003
570.768
565.493
560.177
554.819
549.42
543.978
538.493
532.966
527.395
521.782
516.124
510.422
504.676
498.885
493.048
487.166
481.238
475.264
469.243
463.175
457.059
450.895
444.683
438.422
432.111
425.75
419.337
412.872
406.353
399.778
393.144
386.448
379.683
372.843
365.921
358.902
952.602
952.37
951.52
950.179
948.478
946.655
944.923
943.849
943.278
943.86
945.755
948.392
951.418
954.574
957.405
959.853
961.809
963.26
964.227
964.772
964.962
964.855
964.502
963.941
963.206
962.32
961.305
960.176
958.947
957.628
956.229
954.757
953.218
951.616
949.957
948.243
946.478
944.664
942.804
940.9
938.954
936.967
934.941
932.877
930.776
928.639
926.468
924.263
922.024
919.753
917.45
915.116
912.751
910.356
907.931
905.476
902.992
900.48
897.938
895.369
892.771
890.146
887.492
884.811
882.103
879.368
876.605
873.815
870.998
868.154
865.283
862.386
859.461
856.509
853.531
850.526
847.493
844.434
841.348
838.235
835.094
831.927
828.732
825.509
822.26
818.982
815.677
812.345
808.984
805.596
802.179
798.734
795.261
791.759
788.229
784.67
781.081
777.464
773.818
770.142
766.436
762.7
758.935
755.139
751.313
747.456
743.569
739.65
735.7
731.719
727.707
723.662
719.586
715.477
711.336
707.162
702.956
698.716
694.443
690.136
685.795
681.42
677.01
672.566
668.088
663.574
659.024
654.439
649.818
645.161
640.467
635.737
630.969
626.164
621.322
616.442
611.523
606.567
601.571
596.536
591.463
586.349
581.195
576.001
570.767
565.492
560.176
554.818
549.418
543.976
538.492
532.964
527.394
521.78
516.122
510.42
504.674
498.883
493.046
487.164
481.235
475.261
469.239
463.17
457.054
450.889
444.675
438.412
432.099
425.734
419.318
412.848
406.323
399.741
393.098
386.391
379.614
372.76
365.823
358.789
948.084
947.165
945.079
941.674
936.783
931.155
926.308
923.344
922.579
924.053
928.045
933.565
939.875
946.184
951.848
956.567
960.218
962.788
964.494
965.489
965.935
965.968
965.686
965.157
964.427
963.531
962.493
961.336
960.073
958.718
957.281
955.77
954.192
952.551
950.853
949.101
947.298
945.448
943.553
941.615
939.635
937.616
935.559
933.465
931.335
929.171
926.973
924.743
922.48
920.185
917.86
915.505
913.12
910.705
908.261
905.789
903.288
900.759
898.203
895.619
893.007
890.368
887.702
885.01
882.29
879.544
876.771
873.971
871.145
868.292
865.413
862.508
859.576
856.617
853.632
850.62
847.582
844.517
841.426
838.307
835.162
831.99
828.791
825.565
822.311
819.03
815.722
812.386
809.023
805.632
802.212
798.765
795.29
791.786
788.253
784.692
781.102
777.483
773.835
770.158
766.451
762.714
758.947
755.15
751.323
747.465
743.577
739.658
735.707
731.726
727.712
723.667
719.59
715.481
711.34
707.165
702.958
698.718
694.444
690.137
685.796
681.421
677.011
672.567
668.088
663.574
659.024
654.439
649.818
645.16
640.466
635.736
630.968
626.163
621.321
616.441
611.522
606.565
601.57
596.535
591.461
586.348
581.194
576
570.766
565.491
560.174
554.816
549.417
543.975
538.49
532.963
527.392
521.778
516.121
510.419
504.672
498.881
493.044
487.161
481.233
475.257
469.235
463.166
457.048
450.882
444.667
438.403
432.087
425.72
419.3
412.826
406.295
399.706
393.055
386.338
379.55
372.684
365.733
358.686
943.143
941.395
936.973
929.208
917.931
904.976
894.336
887.045
884.285
885.943
892.763
904.014
917.333
930.471
941.9
950.883
957.317
961.6
964.31
965.892
966.665
966.873
966.687
966.213
965.515
964.632
963.594
962.425
961.144
959.764
958.299
956.757
955.146
953.472
951.74
949.954
948.117
946.233
944.304
942.333
940.322
938.271
936.184
934.061
931.903
929.711
927.487
925.231
922.944
920.626
918.279
915.902
913.496
911.062
908.6
906.109
903.592
901.047
898.474
895.875
893.25
890.598
887.919
885.214
882.483
879.725
876.942
874.132
871.297
868.435
865.548
862.634
859.694
856.728
853.736
850.718
847.674
844.603
841.506
838.383
835.233
832.056
828.852
825.622
822.365
819.08
815.769
812.43
809.063
805.669
802.247
798.797
795.319
791.813
788.279
784.716
781.124
777.503
773.854
770.175
766.466
762.728
758.96
755.162
751.334
747.475
743.586
739.666
735.715
731.732
727.718
723.673
719.595
715.486
711.343
707.169
702.961
698.721
694.447
690.139
685.797
681.422
677.012
672.568
668.088
663.574
659.024
654.439
649.817
645.16
640.466
635.735
630.968
626.163
621.32
616.44
611.521
606.565
601.569
596.534
591.46
586.346
581.193
575.999
570.764
565.489
560.173
554.815
549.415
543.973
538.488
532.961
527.391
521.777
516.119
510.417
504.67
498.879
493.042
487.159
481.23
475.254
469.232
463.162
457.043
450.876
444.66
438.393
432.076
425.706
419.283
412.804
406.269
399.673
393.015
386.289
379.491
372.614
365.652
358.593
940.989
938.165
931.646
919.988
901.96
880.587
861.896
847.466
839.777
841.504
852.395
871.293
893.631
914.896
932.632
945.881
954.832
960.504
963.98
966.028
967.099
967.492
967.419
967.014
966.361
965.505
964.481
963.314
962.026
960.634
959.151
957.588
955.954
954.254
952.495
950.682
948.818
946.906
944.95
942.952
940.914
938.838
936.726
934.578
932.396
930.182
927.935
925.658
923.35
921.013
918.646
916.251
913.828
911.376
908.898
906.392
903.86
901.301
898.715
896.103
893.465
890.801
888.111
885.396
882.654
879.887
877.095
874.277
871.433
868.563
865.668
862.747
859.801
856.829
853.831
850.807
847.757
844.681
841.579
838.451
835.296
832.116
828.908
825.674
822.413
819.126
815.811
812.469
809.099
805.703
802.278
798.826
795.346
791.838
788.302
784.737
781.144
777.521
773.87
770.19
766.48
762.741
758.972
755.173
751.344
747.484
743.594
739.673
735.721
731.738
727.724
723.677
719.599
715.489
711.346
707.171
702.963
698.722
694.448
690.14
685.798
681.422
677.012
672.568
668.088
663.574
659.024
654.438
649.817
645.159
640.465
635.734
630.966
626.161
621.319
616.438
611.52
606.563
601.567
596.532
591.458
586.344
581.19
575.996
570.762
565.487
560.17
554.812
549.413
543.971
538.486
532.959
527.388
521.774
516.116
510.414
504.667
498.876
493.038
487.155
481.226
475.25
469.227
463.156
457.037
450.869
444.652
438.384
432.064
425.692
419.265
412.783
406.243
399.642
392.976
386.243
379.436
372.549
365.576
358.508
944.044
940.336
932.575
919.182
898.587
873.214
849.866
831.985
823.254
826.514
839.881
861.65
886.703
909.887
929.437
944.165
954.006
960.047
963.675
965.893
967.184
967.79
967.882
967.588
966.999
966.181
965.176
964.016
962.726
961.326
959.831
958.252
956.6
954.881
953.102
951.268
949.383
947.45
945.473
943.454
941.395
939.298
937.166
934.999
932.798
930.566
928.302
926.007
923.683
921.33
918.948
916.538
914.101
911.636
909.145
906.627
904.082
901.512
898.915
896.293
893.645
890.972
888.273
885.548
882.799
880.024
877.224
874.398
871.548
868.672
865.77
862.844
859.892
856.914
853.911
850.882
847.828
844.748
841.642
838.51
835.352
832.167
828.957
825.719
822.456
819.165
815.848
812.503
809.132
805.733
802.306
798.852
795.37
791.86
788.322
784.756
781.161
777.538
773.885
770.204
766.493
762.753
758.983
755.183
751.353
747.492
743.601
739.68
735.727
731.744
727.729
723.682
719.603
715.493
711.35
707.174
702.966
698.725
694.45
690.142
685.8
681.424
677.013
672.568
668.089
663.574
659.024
654.438
649.816
645.159
640.465
635.734
630.966
626.161
621.318
616.438
611.519
606.562
601.566
596.531
591.457
586.343
581.189
575.995
570.761
565.486
560.169
554.811
549.411
543.969
538.484
532.957
527.387
521.772
516.115
510.412
504.666
498.874
493.036
487.153
481.223
475.247
469.224
463.152
457.033
450.864
444.645
438.376
432.054
425.68
419.251
412.765
406.22
399.614
392.943
386.203
379.388
372.492
365.51
358.433
951.17
947.407
939.698
926.514
906.531
881.576
858.118
840.458
832.89
837.751
851.628
871.778
894.022
914.241
931.47
945.267
954.81
960.643
964.015
966.03
967.289
967.991
968.224
968.061
967.561
966.792
965.81
964.659
963.369
961.962
960.456
958.864
957.196
955.46
953.663
951.81
949.906
947.954
945.957
943.919
941.841
939.726
937.576
935.391
933.173
930.924
928.644
926.334
923.994
921.627
919.231
916.808
914.357
911.88
909.377
906.847
904.292
901.711
899.104
896.472
893.815
891.133
888.425
885.693
882.936
880.153
877.346
874.514
871.657
868.775
865.868
862.936
859.978
856.996
853.988
850.955
847.896
844.812
841.702
838.566
835.404
832.217
829.003
825.763
822.496
819.203
815.883
812.537
809.163
805.762
802.333
798.877
795.394
791.882
788.343
784.775
781.179
777.554
773.9
770.217
766.505
762.764
758.993
755.192
751.362
747.501
743.609
739.687
735.734
731.749
727.734
723.687
719.607
715.496
711.353
707.177
702.969
698.727
694.452
690.143
685.801
681.425
677.014
672.569
668.089
663.574
659.024
654.438
649.816
645.159
640.464
635.733
630.965
626.16
621.317
616.437
611.518
606.561
601.565
596.53
591.456
586.342
581.188
575.994
570.76
565.484
560.168
554.81
549.41
543.968
538.483
532.956
527.385
521.771
516.113
510.411
504.664
498.872
493.034
487.151
481.221
475.245
469.221
463.149
457.029
450.859
444.639
438.369
432.046
425.669
419.238
412.749
406.201
399.59
392.914
386.167
379.345
372.443
365.453
358.367
959.892
956.476
949.853
939.152
922.463
901.197
880.235
864.184
856.616
860.127
871.835
887.977
905.33
921.608
935.822
947.849
956.455
961.861
965.098
966.932
968.007
968.617
968.806
968.627
968.14
967.387
966.414
965.264
963.97
962.555
961.038
959.432
957.75
955.998
954.184
952.313
950.391
948.421
946.407
944.351
942.256
940.124
937.957
935.756
933.523
931.258
928.963
926.639
924.285
921.904
919.496
917.06
914.597
912.109
909.594
907.054
904.489
901.898
899.282
896.641
893.975
891.284
888.569
885.829
883.065
880.276
877.462
874.623
871.76
868.873
865.96
863.023
860.06
857.073
854.061
851.023
847.961
844.873
841.759
838.62
835.455
832.264
829.047
825.804
822.535
819.24
815.917
812.568
809.192
805.789
802.359
798.902
795.416
791.903
788.362
784.793
781.195
777.569
773.914
770.231
766.518
762.775
759.004
755.202
751.37
747.509
743.616
739.693
735.74
731.755
727.739
723.691
719.612
715.5
711.356
707.18
702.971
698.729
694.454
690.145
685.803
681.426
677.015
672.57
668.09
663.575
659.024
654.438
649.817
645.159
640.464
635.733
630.965
626.16
621.317
616.436
611.517
606.56
601.564
596.529
591.455
586.341
581.187
575.993
570.759
565.483
560.167
554.808
549.409
543.966
538.482
532.954
527.384
521.77
516.112
510.409
504.662
498.87
493.032
487.149
481.219
475.242
469.218
463.146
457.025
450.855
444.634
438.362
432.038
425.66
419.226
412.735
406.183
399.569
392.888
386.136
379.309
372.4
365.403
358.311
968.145
966.174
961.591
953.761
940.959
923.48
905.264
891.135
883.384
883.553
891.315
902.937
916.086
929.033
940.291
950.3
957.907
962.731
965.912
967.924
969.07
969.668
969.785
969.479
968.875
968.046
967.03
965.855
964.543
963.114
961.583
959.963
958.265
956.498
954.668
952.781
950.842
948.856
946.825
944.753
942.642
940.495
938.312
936.096
933.848
931.57
929.261
926.923
924.557
922.164
919.743
917.296
914.822
912.323
909.799
907.249
904.673
902.073
899.449
896.8
894.126
891.427
888.705
885.958
883.187
880.391
877.571
874.727
871.858
868.965
866.047
863.105
860.138
857.147
854.13
851.089
848.022
844.93
841.814
838.671
835.503
832.309
829.09
825.844
822.573
819.275
815.95
812.599
809.221
805.816
802.384
798.925
795.438
791.923
788.381
784.81
781.211
777.584
773.928
770.243
766.529
762.786
759.014
755.211
751.379
747.516
743.623
739.7
735.746
731.76
727.744
723.695
719.616
715.504
711.36
707.183
702.974
698.731
694.456
690.147
685.804
681.427
677.016
672.571
668.091
663.575
659.025
654.439
649.817
645.159
640.464
635.733
630.965
626.16
621.317
616.436
611.517
606.559
601.563
596.529
591.454
586.34
581.186
575.992
570.758
565.482
560.165
554.807
549.407
543.965
538.481
532.953
527.383
521.768
516.11
510.408
504.661
498.868
493.031
487.147
481.217
475.24
469.216
463.143
457.022
450.851
444.63
438.357
432.032
425.652
419.217
412.723
406.169
399.551
392.867
386.11
379.278
372.364
365.361
358.264
974.986
974.614
971.756
966.287
956.664
941.187
925.299
912.974
904.427
902.033
907.299
916.269
927.168
938.125
946.226
952.751
958.961
963.6
966.752
968.813
970.007
970.668
970.832
970.466
969.732
968.783
967.68
966.448
965.1
963.646
962.096
960.46
958.747
956.964
955.118
953.216
951.262
949.26
947.214
945.127
943.002
940.84
938.643
936.413
934.152
931.86
929.539
927.189
924.811
922.406
919.975
917.517
915.033
912.524
909.99
907.431
904.847
902.238
899.606
896.949
894.268
891.562
888.833
886.079
883.302
880.5
877.675
874.825
871.951
869.053
866.13
863.184
860.212
857.217
854.196
851.151
848.081
844.986
841.865
838.72
835.549
832.353
829.13
825.882
822.608
819.308
815.981
812.628
809.248
805.842
802.408
798.947
795.459
791.943
788.399
784.827
781.227
777.599
773.942
770.256
766.541
762.797
759.023
755.22
751.387
747.524
743.63
739.706
735.752
731.766
727.748
723.7
719.62
715.507
711.363
707.186
702.976
698.734
694.458
690.149
685.806
681.429
677.017
672.572
668.091
663.576
659.025
654.439
649.817
645.159
640.464
635.733
630.965
626.159
621.316
616.435
611.516
606.559
601.563
596.528
591.453
586.339
581.185
575.991
570.757
565.481
560.164
554.806
549.406
543.964
538.479
532.952
527.381
521.767
516.109
510.406
504.659
498.867
493.029
487.146
481.215
475.238
469.214
463.141
457.019
450.848
444.626
438.353
432.026
425.646
419.209
412.713
406.157
399.537
392.849
386.089
379.253
372.335
365.328
358.226
978.761
980.433
979.37
976.538
968.051
953.235
939.443
929.361
919.086
914.816
918.677
926.271
935.615
945.857
953.302
957.517
961.632
965.565
968.407
970.184
971.089
971.505
971.614
971.277
970.517
969.498
968.324
967.032
965.64
964.156
962.583
960.928
959.198
957.399
955.538
953.621
951.652
949.636
947.576
945.475
943.336
941.16
938.951
936.708
934.435
932.131
929.798
927.437
925.049
922.633
920.191
917.724
915.231
912.712
910.17
907.602
905.01
902.394
899.753
897.089
894.401
891.689
888.953
886.194
883.41
880.603
877.772
874.917
872.039
869.136
866.209
863.258
860.283
857.283
854.259
851.21
848.136
845.038
841.915
838.766
835.593
832.394
829.169
825.919
822.642
819.34
816.011
812.656
809.275
805.866
802.431
798.969
795.479
791.961
788.416
784.843
781.242
777.613
773.955
770.268
766.552
762.807
759.033
755.229
751.395
747.531
743.637
739.712
735.757
731.771
727.753
723.704
719.623
715.511
711.366
707.189
702.979
698.736
694.46
690.15
685.807
681.43
677.019
672.573
668.092
663.577
659.026
654.439
649.817
645.159
640.464
635.733
630.964
626.159
621.316
616.435
611.516
606.558
601.562
596.527
591.453
586.339
581.185
575.99
570.756
565.48
560.163
554.805
549.405
543.963
538.478
532.951
527.38
521.766
516.108
510.405
504.658
498.866
493.028
487.144
481.214
475.237
469.212
463.139
457.017
450.846
444.623
438.349
432.022
425.641
419.203
412.706
406.148
399.526
392.836
386.074
379.234
372.313
365.303
358.198
984.779
984.846
984.27
982.941
975.573
961.849
948.911
937.673
930.213
926.858
930.192
936.657
943.872
951.558
957.634
961.508
964.892
967.961
970.084
971.476
972.182
972.321
972.224
971.85
971.108
970.092
968.899
967.576
966.151
964.639
963.043
961.369
959.622
957.807
955.931
954
952.017
949.987
947.913
945.799
943.647
941.459
939.237
936.983
934.698
932.384
930.04
927.669
925.27
922.845
920.394
917.917
915.415
912.889
910.338
907.762
905.163
902.54
899.892
897.221
894.527
891.809
889.067
886.302
883.513
880.701
877.865
875.005
872.122
869.214
866.283
863.328
860.349
857.346
854.318
851.266
848.189
845.088
841.962
838.811
835.635
832.433
829.206
825.953
822.675
819.371
816.04
812.683
809.3
805.89
802.453
798.989
795.498
791.979
788.433
784.859
781.256
777.626
773.967
770.279
766.563
762.817
759.042
755.237
751.403
747.538
743.644
739.719
735.763
731.776
727.758
723.708
719.627
715.514
711.369
707.191
702.981
698.738
694.462
690.152
685.809
681.431
677.02
672.574
668.093
663.577
659.026
654.44
649.817
645.159
640.464
635.733
630.964
626.159
621.315
616.434
611.515
606.558
601.562
596.527
591.452
586.338
581.184
575.99
570.755
565.479
560.163
554.804
549.404
543.962
538.477
532.95
527.379
521.765
516.107
510.404
504.657
498.865
493.027
487.143
481.213
475.235
469.211
463.138
457.015
450.844
444.621
438.347
432.019
425.637
419.198
412.701
406.142
399.518
392.827
386.063
379.221
372.298
365.285
358.178
984.925
988.117
985.154
985.69
982.464
969.357
955.697
945.136
940.384
939.12
941.749
946.175
951.754
957.418
961.019
963.493
966.466
969.406
971.101
972.191
972.904
972.983
972.747
972.33
971.599
970.585
969.392
968.062
966.622
965.09
963.475
961.784
960.02
958.19
956.3
954.354
952.357
950.314
948.228
946.101
943.937
941.738
939.505
937.24
934.944
932.619
930.266
927.885
925.477
923.043
920.583
918.098
915.589
913.054
910.496
907.913
905.307
902.676
900.023
897.346
894.645
891.921
889.174
886.404
883.61
880.793
877.952
875.088
872.2
869.289
866.354
863.395
860.412
857.406
854.375
851.319
848.24
845.136
842.007
838.853
835.674
832.471
829.241
825.986
822.706
819.4
816.068
812.709
809.324
805.912
802.474
799.009
795.516
791.996
788.449
784.874
781.27
777.639
773.979
770.29
766.573
762.827
759.051
755.246
751.41
747.545
743.65
739.724
735.768
731.781
727.762
723.712
719.631
715.518
711.372
707.194
702.984
698.74
694.464
690.154
685.81
681.432
677.021
672.574
668.094
663.578
659.027
654.44
649.818
645.159
640.464
635.733
630.964
626.158
621.315
616.434
611.515
606.557
601.561
596.526
591.451
586.337
581.183
575.989
570.754
565.478
560.162
554.803
549.403
543.961
538.476
532.949
527.378
521.764
516.106
510.403
504.656
498.863
493.026
487.142
481.212
475.234
469.209
463.136
457.014
450.842
444.62
438.345
432.017
425.635
419.196
412.698
406.138
399.514
392.822
386.057
379.214
372.29
365.276
358.168
990.523
989.196
985.759
987.428
988.032
975.816
959.796
951.727
949.038
948.323
950.057
952.752
956.436
960.761
964.001
966.259
968.842
971.338
972.469
973.09
973.664
973.651
973.251
972.758
972.032
971.018
969.813
968.477
967.029
965.486
963.859
962.154
960.376
958.532
956.629
954.67
952.661
950.606
948.509
946.371
944.197
941.987
939.744
937.47
935.165
932.831
930.469
928.079
925.663
923.222
920.754
918.262
915.745
913.203
910.638
908.049
905.436
902.8
900.141
897.458
894.752
892.023
889.271
886.496
883.698
880.876
878.031
875.163
872.272
869.357
866.418
863.456
860.47
857.46
854.426
851.368
848.286
845.179
842.048
838.892
835.711
832.505
829.274
826.017
822.735
819.427
816.093
812.733
809.346
805.933
802.494
799.027
795.533
792.012
788.464
784.888
781.283
777.651
773.99
770.301
766.583
762.836
759.059
755.253
751.417
747.552
743.656
739.73
735.773
731.785
727.766
723.716
719.634
715.521
711.375
707.196
702.986
698.742
694.465
690.155
685.811
681.434
677.022
672.575
668.094
663.578
659.027
654.44
649.818
645.159
640.464
635.732
630.964
626.158
621.315
616.434
611.514
606.557
601.561
596.525
591.451
586.337
581.182
575.988
570.753
565.478
560.161
554.802
549.402
543.96
538.475
532.948
527.377
521.763
516.105
510.402
504.655
498.862
493.025
487.141
481.211
475.233
469.208
463.135
457.013
450.841
444.619
438.344
432.016
425.634
419.195
412.697
406.137
399.513
392.821
386.056
379.213
372.288
365.275
358.166
995.38
991.617
988.048
989.117
990.059
980.116
966.331
960.041
958.227
956.278
955.72
957.529
961.056
964.465
967.01
969.037
971.254
973.417
974.225
974.337
974.624
974.514
973.937
973.269
972.475
971.439
970.216
968.869
967.414
965.862
964.224
962.506
960.716
958.859
956.943
954.972
952.952
950.886
948.777
946.63
944.445
942.226
939.973
937.69
935.376
933.034
930.663
928.266
925.842
923.393
920.918
918.419
915.895
913.347
910.776
908.18
905.562
902.92
900.255
897.567
894.856
892.122
889.366
886.586
883.783
880.957
878.108
875.236
872.341
869.423
866.481
863.515
860.526
857.514
854.477
851.416
848.331
845.222
842.088
838.93
835.747
832.539
829.306
826.047
822.763
819.454
816.118
812.756
809.368
805.954
802.513
799.045
795.55
792.028
788.479
784.902
781.296
777.663
774.001
770.311
766.592
762.845
759.068
755.261
751.425
747.558
743.662
739.736
735.778
731.79
727.771
723.72
719.638
715.524
711.378
707.199
702.988
698.744
694.467
690.157
685.813
681.435
677.023
672.576
668.095
663.579
659.028
654.441
649.818
645.16
640.464
635.733
630.964
626.158
621.315
616.434
611.514
606.557
601.56
596.525
591.451
586.336
581.182
575.988
570.753
565.477
560.16
554.802
549.402
543.96
538.475
532.947
527.377
521.762
516.104
510.402
504.654
498.862
493.024
487.141
481.21
475.233
469.208
463.135
457.013
450.842
444.619
438.345
432.017
425.635
419.196
412.699
406.14
399.516
392.824
386.06
379.218
372.294
365.282
358.174
1000.18
995.397
991.646
990.754
990.111
983.584
974.174
968.829
966.668
963.889
962.137
963.138
965.653
968.296
970.402
971.922
973.317
974.9
975.544
975.412
975.486
975.412
974.8
973.972
973.049
971.942
970.674
969.302
967.835
966.273
964.622
962.891
961.086
959.214
957.284
955.3
953.266
951.187
949.067
946.908
944.712
942.482
940.219
937.926
935.603
933.251
930.871
928.465
926.033
923.576
921.093
918.586
916.055
913.5
910.922
908.32
905.695
903.047
900.377
897.683
894.967
892.227
889.466
886.681
883.874
881.043
878.19
875.314
872.415
869.493
866.547
863.578
860.586
857.57
854.53
851.467
848.379
845.267
842.131
838.97
835.785
832.575
829.339
826.079
822.793
819.482
816.144
812.781
809.392
805.976
802.534
799.064
795.568
792.045
788.494
784.916
781.31
777.676
774.013
770.322
766.603
762.854
759.076
755.269
751.432
747.565
743.669
739.741
735.784
731.795
727.775
723.724
719.642
715.527
711.381
707.202
702.991
698.747
694.47
690.159
685.815
681.437
677.024
672.578
668.096
663.58
659.029
654.442
649.819
645.16
640.465
635.733
630.964
626.158
621.315
616.434
611.514
606.557
601.56
596.525
591.45
586.336
581.182
575.988
570.753
565.477
560.16
554.802
549.402
543.959
538.475
532.947
527.376
521.762
516.104
510.401
504.654
498.862
493.024
487.14
481.21
475.233
469.209
463.136
457.014
450.842
444.62
438.346
432.019
425.638
419.199
412.703
406.145
399.522
392.832
386.069
379.229
372.307
365.296
358.191
1004.56
999.741
995.269
993.112
992.229
987.546
980.569
975.904
972.911
969.926
968.78
969.883
971.032
971.866
972.995
974.166
975.234
976.426
976.876
976.516
976.297
976.203
975.679
974.809
973.774
972.566
971.222
969.801
968.308
966.727
965.059
963.31
961.487
959.599
957.653
955.653
953.605
951.513
949.379
947.208
945
942.758
940.484
938.18
935.846
933.484
931.095
928.679
926.238
923.772
921.281
918.765
916.227
913.664
911.078
908.469
905.838
903.183
900.506
897.806
895.084
892.339
889.572
886.782
883.97
881.135
878.277
875.397
872.493
869.567
866.617
863.645
860.649
857.63
854.587
851.52
848.429
845.315
842.176
839.013
835.825
832.612
829.375
826.112
822.824
819.511
816.172
812.807
809.416
805.999
802.555
799.084
795.587
792.062
788.511
784.931
781.324
777.689
774.025
770.334
766.613
762.864
759.085
755.277
751.44
747.573
743.675
739.748
735.789
731.8
727.78
723.729
719.646
715.531
711.384
707.205
702.994
698.749
694.472
690.161
685.817
681.438
677.026
672.579
668.098
663.581
659.03
654.442
649.82
645.161
640.465
635.733
630.965
626.159
621.315
616.434
611.514
606.557
601.56
596.525
591.45
586.336
581.182
575.987
570.752
565.477
560.16
554.801
549.401
543.959
538.474
532.947
527.376
521.762
516.104
510.401
504.654
498.862
493.024
487.14
481.21
475.233
469.209
463.136
457.015
450.844
444.622
438.348
432.022
425.641
419.204
412.709
406.152
399.532
392.844
386.083
379.246
372.327
365.319
358.216
1008.67
1003.85
999.216
996.514
995.006
991.165
985.748
981.628
978.905
976.471
974.954
974.801
975.27
976.004
976.786
977.112
977.385
978.079
978.48
978.058
977.49
977.154
976.616
975.715
974.588
973.287
971.865
970.387
968.856
967.245
965.549
963.773
961.927
960.018
958.053
956.036
953.971
951.864
949.716
947.53
945.309
943.054
940.768
938.452
936.107
933.734
931.334
928.908
926.457
923.981
921.481
918.957
916.41
913.839
911.245
908.629
905.99
903.328
900.644
897.938
895.209
892.458
889.685
886.89
884.072
881.232
878.369
875.484
872.576
869.645
866.692
863.715
860.716
857.693
854.646
851.576
848.483
845.365
842.223
839.057
835.867
832.652
829.412
826.147
822.857
819.542
816.201
812.834
809.442
806.023
802.577
799.105
795.606
792.081
788.528
784.947
781.339
777.703
774.038
770.346
766.624
762.874
759.095
755.286
751.448
747.58
743.682
739.754
735.795
731.806
727.785
723.733
719.65
715.535
711.388
707.208
702.996
698.752
694.474
690.163
685.818
681.44
677.027
672.58
668.099
663.582
659.03
654.443
649.82
645.161
640.466
635.734
630.965
626.159
621.315
616.434
611.514
606.557
601.56
596.525
591.45
586.336
581.182
575.987
570.752
565.476
560.16
554.801
549.401
543.959
538.474
532.947
527.376
521.762
516.103
510.401
504.654
498.862
493.024
487.141
481.211
475.234
469.21
463.137
457.016
450.845
444.624
438.352
432.026
425.647
419.211
412.717
406.163
399.545
392.859
386.102
379.269
372.353
365.349
358.251
1012.51
1007.7
1003.82
1000.21
997.508
994.869
990.334
986.15
984.483
982.86
980.632
979.016
978.871
979.354
979.952
980.073
980.023
980.17
980.244
979.785
979.062
978.391
977.62
976.596
975.379
974.02
972.56
971.049
969.484
967.837
966.102
964.291
962.414
960.479
958.49
956.453
954.369
952.244
950.08
947.878
945.642
943.374
941.074
938.745
936.387
934.002
931.591
929.154
926.692
924.206
921.696
919.162
916.606
914.026
911.424
908.799
906.152
903.483
900.791
898.078
895.343
892.585
889.806
887.004
884.181
881.335
878.467
875.577
872.664
869.729
866.771
863.79
860.787
857.76
854.71
851.636
848.539
845.418
842.274
839.105
835.911
832.694
829.452
826.184
822.892
819.574
816.231
812.863
809.469
806.048
802.601
799.127
795.627
792.1
788.546
784.964
781.355
777.717
774.052
770.358
766.636
762.885
759.105
755.295
751.457
747.588
743.69
739.761
735.801
731.811
727.79
723.738
719.654
715.539
711.391
707.212
702.999
698.754
694.477
690.165
685.82
681.442
677.029
672.582
668.1
663.583
659.031
654.444
649.821
645.162
640.466
635.734
630.965
626.159
621.315
616.434
611.515
606.557
601.56
596.525
591.45
586.336
581.182
575.987
570.752
565.476
560.159
554.801
549.401
543.959
538.474
532.946
527.376
521.761
516.103
510.401
504.654
498.862
493.024
487.141
481.211
475.235
469.211
463.139
457.018
450.848
444.627
438.356
432.031
425.653
419.219
412.728
406.176
399.561
392.879
386.126
379.297
372.386
365.388
358.294
1016.53
1011.76
1007.32
1004.22
1001.56
998.358
994.579
991.576
989.985
987.612
984.562
983.269
983.939
983.975
983.294
982.568
982.008
981.829
981.783
981.394
980.606
979.616
978.506
977.254
975.929
974.592
973.206
971.734
970.161
968.483
966.709
964.859
962.949
960.984
958.97
956.909
954.804
952.659
950.476
948.257
946.004
943.719
941.404
939.06
936.689
934.291
931.867
929.418
926.944
924.447
921.926
919.382
916.815
914.226
911.614
908.981
906.325
903.648
900.948
898.227
895.485
892.72
889.934
887.127
884.297
881.445
878.572
875.676
872.758
869.818
866.855
863.87
860.862
857.831
854.777
851.699
848.599
845.475
842.327
839.155
835.959
832.738
829.493
826.224
822.929
819.609
816.264
812.893
809.497
806.075
802.626
799.151
795.649
792.121
788.565
784.982
781.371
777.732
774.066
770.371
766.648
762.896
759.115
755.305
751.466
747.596
743.697
739.768
735.808
731.817
727.796
723.743
719.659
715.543
711.395
707.215
703.002
698.757
694.479
690.168
685.822
681.444
677.031
672.583
668.101
663.584
659.032
654.445
649.822
645.162
640.467
635.735
630.966
626.159
621.316
616.434
611.515
606.557
601.56
596.525
591.45
586.336
581.182
575.987
570.752
565.476
560.159
554.801
549.401
543.959
538.474
532.946
527.376
521.761
516.103
510.401
504.654
498.862
493.025
487.141
481.212
475.236
469.212
463.14
457.02
450.851
444.631
438.36
432.038
425.661
419.229
412.74
406.192
399.58
392.903
386.155
379.331
372.426
365.434
358.346
1019.25
1014.94
1010.92
1007.5
1004.78
1001.78
998.485
995.275
993.192
992.193
989.722
987.391
986.703
986.395
985.744
985.175
984.38
983.871
983.486
982.896
981.888
980.63
979.292
977.85
976.32
974.864
973.525
972.169
970.671
969.014
967.234
965.368
963.438
961.453
959.418
957.337
955.214
953.05
950.849
948.613
946.345
944.045
941.716
939.359
936.974
934.564
932.128
929.667
927.183
924.674
922.143
919.59
917.013
914.415
911.795
909.153
906.489
903.804
901.097
898.369
895.62
892.849
890.057
887.243
884.407
881.55
878.671
875.77
872.847
869.902
866.935
863.946
860.933
857.899
854.841
851.76
848.656
845.528
842.377
839.202
836.004
832.781
829.533
826.261
822.964
819.642
816.295
812.922
809.524
806.1
802.649
799.173
795.669
792.14
788.583
784.998
781.386
777.747
774.079
770.384
766.66
762.907
759.125
755.314
751.474
747.604
743.704
739.774
735.813
731.822
727.8
723.747
719.662
715.546
711.398
707.217
703.005
698.759
694.481
690.169
685.824
681.444
677.031
672.584
668.102
663.585
659.032
654.445
649.821
645.162
640.466
635.734
630.965
626.159
621.315
616.433
611.514
606.556
601.559
596.524
591.449
586.335
581.181
575.986
570.751
565.475
560.158
554.8
549.4
543.957
538.473
532.945
527.374
521.76
516.102
510.4
504.653
498.861
493.024
487.141
481.212
475.236
469.212
463.141
457.021
450.853
444.634
438.365
432.043
425.669
419.24
412.754
406.209
399.602
392.93
386.188
379.371
372.474
365.49
358.409
1022.37
1018.28
1013.57
1009.72
1007.29
1004.97
1002.02
998.595
995.833
994.694
993.182
990.891
989.274
988.761
988.094
987.261
986.524
985.815
984.991
984.21
983.178
981.87
980.468
978.943
977.234
975.529
974.023
972.615
971.118
969.471
967.697
965.83
963.892
961.893
959.843
957.744
955.603
953.422
951.205
948.953
946.67
944.356
942.014
939.644
937.247
934.825
932.378
929.907
927.412
924.894
922.353
919.79
917.205
914.598
911.969
909.32
906.648
903.956
901.242
898.507
895.751
892.974
890.175
887.356
884.514
881.652
878.768
875.862
872.935
869.985
867.014
864.02
861.004
857.965
854.904
851.819
848.712
845.581
842.427
839.25
836.048
832.823
829.573
826.298
822.999
819.675
816.326
812.952
809.551
806.125
802.673
799.195
795.691
792.159
788.601
785.015
781.402
777.761
774.093
770.396
766.671
762.918
759.135
755.323
751.482
747.612
743.712
739.781
735.82
731.828
727.806
723.752
719.667
715.55
711.402
707.221
703.008
698.762
694.483
690.171
685.826
681.446
677.033
672.585
668.103
663.586
659.033
654.446
649.822
645.163
640.467
635.734
630.965
626.159
621.315
616.434
611.514
606.556
601.559
596.524
591.449
586.335
581.181
575.986
570.751
565.475
560.158
554.8
549.4
543.957
538.473
532.945
527.374
521.76
516.102
510.4
504.653
498.861
493.024
487.142
481.213
475.237
469.214
463.144
457.025
450.857
444.639
438.372
432.052
425.68
419.254
412.772
406.231
399.63
392.965
386.231
379.423
372.535
365.56
358.49
1024.24
1020.36
1017.39
1014.2
1010.57
1007.47
1004.37
1001.86
1000.35
998.352
995.921
993.738
992.502
991.819
991.082
989.785
988.55
987.625
986.599
985.53
984.429
983.154
981.8
980.437
978.838
976.973
975.151
973.485
971.838
970.106
968.283
966.385
964.423
962.402
960.328
958.207
956.043
953.842
951.605
949.335
947.034
944.704
942.346
939.961
937.551
935.115
932.656
930.172
927.665
925.136
922.584
920.011
917.416
914.799
912.162
909.503
906.823
904.122
901.401
898.658
895.895
893.111
890.305
887.479
884.632
881.763
878.874
875.962
873.03
870.075
867.099
864.101
861.08
858.037
854.972
851.884
848.773
845.639
842.481
839.301
836.096
832.868
829.615
826.338
823.037
819.71
816.359
812.983
809.58
806.152
802.699
799.219
795.713
792.18
788.62
785.033
781.419
777.777
774.108
770.41
766.684
762.929
759.146
755.333
751.492
747.62
743.719
739.788
735.826
731.834
727.811
723.757
719.672
715.555
711.406
707.224
703.011
698.765
694.486
690.173
685.828
681.448
677.035
672.587
668.104
663.587
659.034
654.446
649.823
645.163
640.467
635.735
630.966
626.159
621.315
616.434
611.514
606.556
601.56
596.524
591.449
586.335
581.181
575.986
570.751
565.475
560.158
554.8
549.4
543.957
538.473
532.945
527.374
521.76
516.102
510.4
504.653
498.862
493.025
487.143
481.214
475.239
469.216
463.146
457.028
450.861
444.645
438.379
432.062
425.693
419.27
412.792
406.257
399.662
393.004
386.278
379.481
372.603
365.641
358.582
1027.6
1024.66
1020.12
1016.34
1013.65
1011.74
1008.96
1005.46
1002.63
1000.65
999.69
998.313
996.308
994.454
993.282
992.313
991.057
989.885
988.746
987.403
985.958
984.468
982.953
981.617
980.201
978.397
976.412
974.512
972.701
970.88
969
967.055
965.049
962.99
960.883
958.732
956.541
954.314
952.054
949.762
947.442
945.093
942.717
940.315
937.889
935.438
932.964
930.466
927.946
925.404
922.84
920.255
917.649
915.021
912.373
909.705
907.015
904.305
901.575
898.824
896.052
893.26
890.447
887.614
884.76
881.885
878.989
876.072
873.133
870.173
867.191
864.188
861.163
858.116
855.046
851.954
848.839
845.701
842.54
839.356
836.148
832.917
829.661
826.381
823.077
819.748
816.395
813.016
809.612
806.182
802.726
799.245
795.737
792.202
788.641
785.052
781.437
777.794
774.123
770.424
766.697
762.942
759.157
755.344
751.501
747.629
743.728
739.796
735.833
731.841
727.817
723.763
719.677
715.559
711.41
707.228
703.014
698.768
694.489
690.176
685.83
681.45
677.036
672.588
668.105
663.588
659.035
654.447
649.824
645.164
640.468
635.735
630.966
626.16
621.316
616.434
611.514
606.556
601.56
596.524
591.449
586.335
581.181
575.986
570.751
565.475
560.158
554.8
549.4
543.957
538.473
532.945
527.375
521.76
516.103
510.401
504.654
498.863
493.026
487.144
481.216
475.241
469.219
463.15
457.032
450.867
444.652
438.388
432.073
425.706
419.287
412.814
406.284
399.697
393.047
386.332
379.546
372.681
365.732
358.687
1030.41
1026.59
1023.85
1021.03
1017.33
1013.82
1011.28
1009.14
1006.93
1005.34
1003.55
1001.28
998.778
997.511
996.676
995.479
993.884
992.006
990.353
988.825
987.42
986.001
984.202
982.27
980.571
978.964
977.227
975.381
973.536
971.695
969.8
967.827
965.78
963.674
961.521
959.329
957.103
954.845
952.557
950.24
947.896
945.526
943.13
940.709
938.264
935.796
933.305
930.792
928.257
925.701
923.123
920.525
917.906
915.266
912.607
909.927
907.227
904.506
901.766
899.005
896.225
893.424
890.603
887.762
884.9
882.018
879.114
876.191
873.246
870.28
867.292
864.283
861.253
858.201
855.126
852.029
848.91
845.768
842.603
839.415
836.204
832.969
829.71
826.428
823.121
819.789
816.433
813.052
809.645
806.213
802.755
799.272
795.762
792.226
788.663
785.073
781.456
777.812
774.14
770.44
766.711
762.955
759.169
755.355
751.512
747.639
743.736
739.803
735.841
731.847
727.823
723.768
719.682
715.564
711.414
707.232
703.018
698.771
694.491
690.178
685.832
681.452
677.038
672.59
668.107
663.589
659.036
654.448
649.824
645.164
640.468
635.736
630.966
626.16
621.316
616.434
611.515
606.557
601.56
596.524
591.45
586.335
581.181
575.986
570.751
565.476
560.159
554.8
549.4
543.958
538.473
532.945
527.375
521.761
516.103
510.401
504.655
498.864
493.027
487.145
481.217
475.243
469.222
463.153
457.037
450.872
444.659
438.397
432.084
425.721
419.306
412.838
406.314
399.734
393.094
386.39
379.617
372.766
365.833
358.803
1033.91
1031.12
1027.44
1023.42
1021.39
1018.8
1015.8
1013.54
1011.55
1008.66
1006.15
1004.87
1003.49
1001.23
998.781
997.016
995.82
994.602
993.052
991.41
989.637
987.57
985.327
983.381
981.643
979.714
977.708
975.948
974.385
972.751
970.902
968.861
966.709
964.503
962.269
960.014
957.739
955.441
953.12
950.773
948.402
946.007
943.588
941.146
938.68
936.193
933.683
931.152
928.601
926.028
923.435
920.822
918.189
915.536
912.863
910.171
907.458
904.727
901.975
899.204
896.414
893.603
890.773
887.923
885.053
882.162
879.251
876.32
873.368
870.395
867.402
864.387
861.351
858.293
855.213
852.111
848.987
845.84
842.671
839.479
836.264
833.026
829.763
826.477
823.167
819.833
816.474
813.09
809.681
806.246
802.787
799.301
795.789
792.251
788.686
785.095
781.476
777.831
774.157
770.456
766.726
762.968
759.182
755.367
751.523
747.649
743.745
739.812
735.848
731.854
727.83
723.774
719.687
715.569
711.419
707.236
703.022
698.774
694.494
690.181
685.834
681.454
677.04
672.591
668.108
663.59
659.037
654.449
649.825
645.165
640.469
635.736
630.967
626.16
621.316
616.435
611.515
606.557
601.56
596.525
591.45
586.335
581.181
575.987
570.752
565.476
560.159
554.801
549.4
543.958
538.473
532.946
527.375
521.761
516.104
510.402
504.656
498.865
493.029
487.147
481.219
475.245
469.225
463.157
457.042
450.878
444.667
438.406
432.097
425.737
419.326
412.863
406.346
399.775
393.144
386.453
379.694
372.86
365.945
358.933
1037.17
1033.55
1030.48
1027.95
1024.6
1021.6
1019.78
1017.08
1014.56
1012.83
1010.81
1008.05
1006
1004.42
1002.85
1000.92
998.737
996.598
994.537
992.847
991.371
989.89
988.4
986.521
984.072
981.51
979.259
977.322
975.456
973.519
971.498
969.418
967.291
965.122
962.913
960.666
958.384
956.07
953.726
951.355
948.958
946.538
944.094
941.628
939.139
936.63
934.1
931.549
928.979
926.388
923.778
921.148
918.499
915.831
913.144
910.437
907.712
904.967
902.204
899.421
896.62
893.799
890.958
888.098
885.219
882.319
879.4
876.461
873.501
870.521
867.52
864.499
861.456
858.392
855.306
852.199
849.07
845.919
842.745
839.548
836.329
833.086
829.82
826.531
823.217
819.88
816.517
813.131
809.719
806.282
802.82
799.332
795.818
792.278
788.711
785.118
781.498
777.851
774.176
770.473
766.742
762.983
759.196
755.379
751.534
747.659
743.755
739.821
735.856
731.862
727.836
723.78
719.693
715.574
711.423
707.24
703.025
698.778
694.497
690.184
685.837
681.456
677.042
672.593
668.11
663.592
659.038
654.45
649.826
645.166
640.47
635.737
630.967
626.161
621.317
616.435
611.515
606.557
601.56
596.525
591.45
586.335
581.181
575.987
570.752
565.476
560.159
554.801
549.401
543.958
538.474
532.946
527.376
521.762
516.105
510.403
504.657
498.866
493.03
487.149
481.222
475.248
469.228
463.161
457.047
450.885
444.675
438.417
432.109
425.753
419.346
412.889
406.38
399.817
393.198
386.52
379.778
372.961
366.067
359.075
1040.39
1037.71
1034.39
1031.1
1028.65
1026.37
1023.49
1021
1018.97
1016.43
1013.89
1011.98
1009.93
1007.33
1005.07
1003.26
1001.51
999.65
997.586
995.32
993.111
990.929
988.529
986.202
984.348
982.782
981.161
979.335
977.332
975.214
973.022
970.781
968.505
966.204
963.884
961.546
959.19
956.817
954.424
952.011
949.578
947.124
944.651
942.157
939.642
937.108
934.555
931.983
929.391
926.78
924.151
921.503
918.837
916.152
913.449
910.727
907.987
905.229
902.452
899.657
896.843
894.01
891.159
888.288
885.398
882.489
879.561
876.613
873.645
870.657
867.648
864.619
861.569
858.499
855.407
852.294
849.159
846.003
842.824
839.622
836.398
833.151
829.881
826.588
823.271
819.929
816.564
813.174
809.76
806.32
802.855
799.365
795.849
792.306
788.738
785.143
781.521
777.872
774.195
770.491
766.759
762.998
759.21
755.392
751.546
747.67
743.765
739.83
735.865
731.869
727.843
723.787
719.699
715.579
711.428
707.245
703.029
698.781
694.5
690.187
685.839
681.458
677.043
672.594
668.111
663.593
659.04
654.451
649.827
645.166
640.47
635.737
630.968
626.161
621.317
616.435
611.515
606.557
601.561
596.525
591.45
586.336
581.182
575.987
570.752
565.477
560.16
554.801
549.401
543.959
538.474
532.947
527.377
521.763
516.106
510.404
504.658
498.868
493.032
487.151
481.224
475.251
469.231
463.165
457.052
450.892
444.683
438.427
432.123
425.77
419.368
412.916
406.414
399.861
393.254
386.591
379.866
373.071
366.2
359.232
1044.02
1040.94
1037.97
1035.38
1032.51
1029.64
1027.26
1024.88
1022.2
1019.82
1017.59
1015.11
1012.69
1010.67
1008.66
1006.35
1003.91
1001.68
999.643
997.643
995.757
993.861
991.627
989.292
987.177
985.152
983.021
980.777
978.503
976.231
973.957
971.673
969.373
967.054
964.715
962.355
959.973
957.571
955.147
952.702
950.238
947.753
945.25
942.727
940.185
937.625
935.046
932.45
929.836
927.203
924.553
921.885
919.2
916.497
913.776
911.038
908.283
905.509
902.718
899.909
897.082
894.236
891.373
888.491
885.59
882.671
879.732
876.775
873.798
870.801
867.784
864.747
861.69
858.612
855.514
852.395
849.254
846.091
842.907
839.7
836.471
833.22
829.945
826.648
823.327
819.982
816.613
813.22
809.802
806.36
802.892
799.399
795.881
792.336
788.765
785.168
781.544
777.894
774.215
770.51
766.776
763.014
759.225
755.406
751.558
747.682
743.775
739.839
735.873
731.877
727.851
723.793
719.704
715.584
711.433
707.249
703.033
698.785
694.504
690.189
685.842
681.46
677.045
672.596
668.112
663.594
659.041
654.452
649.827
645.167
640.471
635.738
630.968
626.161
621.317
616.436
611.516
606.558
601.561
596.525
591.45
586.336
581.182
575.988
570.753
565.477
560.16
554.802
549.402
543.96
538.475
532.948
527.378
521.764
516.107
510.405
504.66
498.869
493.034
487.153
481.226
475.254
469.235
463.17
457.058
450.898
444.692
438.438
432.136
425.787
419.389
412.944
406.45
399.906
393.312
386.664
379.96
373.187
366.343
359.403
1047.13
1044.3
1041.44
1038.56
1035.85
1033.31
1030.67
1028.08
1025.69
1023.25
1020.71
1018.32
1016.01
1013.55
1011.11
1008.92
1006.83
1004.64
1002.34
999.999
997.671
995.334
992.958
990.653
988.472
986.327
984.142
981.916
979.666
977.394
975.099
972.779
970.435
968.069
965.681
963.272
960.844
958.397
955.931
953.447
950.945
948.425
945.888
943.334
940.762
938.173
935.568
932.946
930.307
927.651
924.978
922.289
919.584
916.862
914.123
911.367
908.594
905.805
902.998
900.175
897.333
894.475
891.598
888.704
885.792
882.861
879.912
876.945
873.958
870.952
867.926
864.881
861.817
858.731
855.626
852.5
849.353
846.184
842.994
839.782
836.548
833.291
830.012
826.711
823.385
820.037
816.664
813.268
809.847
806.401
802.931
799.435
795.914
792.367
788.794
785.195
781.569
777.916
774.236
770.529
766.794
763.031
759.24
755.42
751.571
747.693
743.786
739.849
735.882
731.885
727.858
723.8
719.71
715.59
711.437
707.253
703.037
698.788
694.507
690.192
685.844
681.463
677.047
672.598
668.114
663.595
659.042
654.453
649.828
645.168
640.471
635.738
630.969
626.162
621.318
616.436
611.516
606.558
601.561
596.525
591.45
586.336
581.182
575.988
570.753
565.477
560.161
554.802
549.402
543.96
538.476
532.949
527.379
521.765
516.108
510.407
504.661
498.871
493.036
487.155
481.229
475.257
469.239
463.174
457.063
450.905
444.701
438.449
432.15
425.804
419.411
412.972
406.485
399.952
393.372
386.741
380.059
373.311
366.499
359.59
1049.93
1047.11
1044.3
1041.56
1038.87
1036.22
1033.64
1031.12
1028.6
1026.08
1023.6
1021.12
1018.63
1016.21
1013.89
1011.56
1009.15
1006.71
1004.32
1001.99
999.709
997.432
995.141
992.844
990.546
988.232
985.891
983.529
981.152
978.763
976.363
973.952
971.528
969.092
966.642
964.177
961.699
959.205
956.696
954.172
951.633
949.079
946.509
943.923
941.322
938.705
936.073
933.426
930.763
928.084
925.39
922.681
919.956
917.215
914.458
911.685
908.896
906.091
903.269
900.431
897.576
894.705
891.816
888.91
885.986
883.045
880.086
877.108
874.112
871.098
868.064
865.011
861.939
858.846
855.734
852.601
849.448
846.273
843.078
839.86
836.621
833.36
830.077
826.771
823.442
820.089
816.713
813.313
809.889
806.441
802.968
799.469
795.946
792.397
788.821
785.22
781.592
777.938
774.256
770.547
766.811
763.046
759.254
755.433
751.583
747.704
743.796
739.858
735.891
731.893
727.865
723.806
719.716
715.594
711.442
707.257
703.04
698.791
694.509
690.194
685.846
681.464
677.049
672.599
668.115
663.596
659.042
654.453
649.828
645.168
640.471
635.738
630.968
626.161
621.317
616.435
611.515
606.557
601.56
596.525
591.45
586.335
581.181
575.987
570.752
565.477
560.16
554.802
549.402
543.96
538.476
532.949
527.379
521.765
516.108
510.407
504.662
498.872
493.036
487.156
481.23
475.259
469.241
463.178
457.068
450.911
444.708
438.458
432.162
425.82
419.432
412.998
406.52
399.998
393.432
386.82
380.163
373.446
366.672
359.803
1051.99
1049.23
1046.47
1043.75
1041.08
1038.47
1035.89
1033.34
1030.82
1028.3
1025.77
1023.25
1020.76
1018.28
1015.83
1013.39
1010.97
1008.57
1006.18
1003.8
1001.41
999.01
996.6
994.19
991.786
989.383
986.977
984.565
982.146
979.719
977.281
974.832
972.371
969.897
967.41
964.909
962.396
959.868
957.327
954.772
952.204
949.621
947.024
944.413
941.788
939.148
936.494
933.826
931.143
928.445
925.733
923.007
920.265
917.508
914.736
911.949
909.147
906.329
903.495
900.645
897.779
894.896
891.997
889.082
886.149
883.199
880.231
877.245
874.242
871.22
868.179
865.119
862.04
858.942
855.824
852.686
849.527
846.348
843.148
839.926
836.683
833.418
830.131
826.821
823.489
820.133
816.754
813.351
809.925
806.474
802.999
799.498
795.972
792.421
788.844
785.241
781.612
777.956
774.273
770.563
766.825
763.06
759.266
755.444
751.593
747.714
743.805
739.866
735.898
731.899
727.87
723.811
719.72
715.599
711.445
707.26
703.043
698.794
694.512
690.196
685.848
681.466
677.05
672.6
668.116
663.597
659.043
654.454
649.829
645.168
640.471
635.738
630.968
626.161
621.317
616.435
611.515
606.557
601.56
596.524
591.45
586.335
581.181
575.987
570.752
565.477
560.16
554.802
549.402
543.96
538.476
532.949
527.379
521.766
516.109
510.408
504.663
498.873
493.038
487.158
481.232
475.261
469.244
463.181
457.072
450.917
444.715
438.467
432.174
425.835
419.451
413.023
406.553
400.042
393.491
386.898
380.269
373.586
366.859
360.038
1053.49
1050.75
1048.02
1045.33
1042.69
1040.09
1037.51
1034.97
1032.44
1029.89
1027.35
1024.81
1022.28
1019.77
1017.3
1014.86
1012.4
1009.93
1007.47
1005.01
1002.57
1000.12
997.675
995.234
992.794
990.35
987.901
985.444
982.981
980.509
978.028
975.539
973.039
970.529
968.009
965.477
962.934
960.379
957.812
955.233
952.641
950.036
947.419
944.788
942.144
939.487
936.816
934.132
931.433
928.722
925.996
923.256
920.502
917.733
914.95
912.152
909.339
906.511
903.668
900.809
897.934
895.043
892.136
889.213
886.273
883.316
880.342
877.35
874.341
871.313
868.267
865.202
862.118
859.015
855.893
852.751
849.588
846.405
843.201
839.976
836.73
833.462
830.172
826.86
823.525
820.167
816.786
813.381
809.952
806.5
803.022
799.52
795.993
792.44
788.862
785.258
781.627
777.97
774.286
770.575
766.836
763.07
759.275
755.452
751.601
747.721
743.811
739.872
735.903
731.904
727.875
723.815
719.724
715.602
711.448
707.263
703.045
698.796
694.513
690.198
685.849
681.467
677.051
672.601
668.116
663.597
659.043
654.454
649.829
645.168
640.471
635.738
630.968
626.161
621.317
616.435
611.515
606.557
601.56
596.524
591.449
586.335
581.181
575.987
570.752
565.477
560.16
554.802
549.402
543.961
538.476
532.95
527.38
521.766
516.109
510.408
504.663
498.873
493.039
487.159
481.234
475.263
469.246
463.184
457.076
450.921
444.721
438.474
432.183
425.847
419.466
413.044
406.58
400.078
393.54
386.965
380.361
373.711
367.033
360.263
1054.55
1051.84
1049.13
1046.46
1043.84
1041.25
1038.68
1036.14
1033.6
1031.05
1028.5
1025.95
1023.4
1020.88
1018.39
1015.9
1013.41
1010.9
1008.41
1005.93
1003.45
1000.98
998.498
996.019
993.54
991.057
988.571
986.081
983.585
981.083
978.575
976.058
973.533
970.999
968.456
965.902
963.338
960.763
958.177
955.579
952.97
950.349
947.716
945.071
942.413
939.742
937.059
934.363
931.653
928.93
926.194
923.444
920.681
917.903
915.111
912.305
909.484
906.649
903.798
900.932
898.051
895.154
892.242
889.313
886.367
883.405
880.426
877.429
874.415
871.384
868.334
865.265
862.177
859.071
855.945
852.8
849.634
846.449
843.242
840.015
836.766
833.496
830.204
826.889
823.552
820.192
816.81
813.403
809.973
806.519
803.04
799.537
796.008
792.455
788.875
785.27
781.639
777.981
774.296
770.584
766.844
763.077
759.282
755.459
751.607
747.726
743.816
739.876
735.907
731.908
727.878
723.818
719.727
715.604
711.45
707.265
703.047
698.797
694.515
690.199
685.85
681.468
677.052
672.602
668.117
663.598
659.044
654.454
649.829
645.169
640.472
635.738
630.968
626.161
621.317
616.435
611.515
606.557
601.56
596.524
591.449
586.335
581.181
575.987
570.752
565.477
560.16
554.802
549.403
543.961
538.477
532.95
527.38
521.767
516.11
510.409
504.664
498.874
493.039
487.16
481.235
475.264
469.248
463.186
457.078
450.925
444.725
438.48
432.19
425.856
419.479
413.06
406.602
400.107
393.579
387.02
380.439
373.821
367.193
360.476
1055.29
1052.6
1049.91
1047.26
1044.65
1042.07
1039.52
1036.98
1034.44
1031.89
1029.34
1026.78
1024.22
1021.69
1019.17
1016.67
1014.15
1011.63
1009.11
1006.61
1004.11
1001.6
999.094
996.589
994.084
991.577
989.067
986.553
984.035
981.512
978.982
976.445
973.901
971.349
968.788
966.218
963.638
961.048
958.448
955.837
953.215
950.582
947.937
945.281
942.613
939.933
937.24
934.534
931.816
929.085
926.342
923.584
920.814
918.029
915.231
912.419
909.592
906.751
903.895
901.025
898.139
895.237
892.32
889.387
886.437
883.471
880.488
877.489
874.471
871.436
868.383
865.312
862.221
859.112
855.984
852.837
849.669
846.481
843.272
840.043
836.793
833.521
830.227
826.911
823.573
820.212
816.827
813.42
809.989
806.533
803.054
799.549
796.02
792.465
788.885
785.279
781.647
777.989
774.303
770.59
766.85
763.083
759.287
755.463
751.611
747.73
743.82
739.88
735.91
731.911
727.881
723.82
719.729
715.606
711.452
707.266
703.048
698.798
694.515
690.2
685.851
681.468
677.052
672.602
668.117
663.598
659.044
654.454
649.829
645.169
640.472
635.738
630.968
626.161
621.316
616.435
611.515
606.556
601.56
596.524
591.449
586.335
581.181
575.987
570.752
565.477
560.16
554.802
549.403
543.961
538.477
532.95
527.38
521.767
516.11
510.409
504.664
498.875
493.04
487.16
481.236
475.265
469.249
463.188
457.08
450.927
444.728
438.484
432.196
425.863
419.488
413.072
406.619
400.129
393.611
387.065
380.504
373.917
367.337
360.678
1055.82
1053.15
1050.48
1047.83
1045.24
1042.67
1040.13
1037.6
1035.06
1032.51
1029.95
1027.38
1024.82
1022.27
1019.75
1017.23
1014.7
1012.16
1009.63
1007.1
1004.58
1002.06
999.529
997.005
994.481
991.955
989.427
986.896
984.361
981.822
979.277
976.726
974.168
971.603
969.029
966.447
963.856
961.256
958.645
956.025
953.393
950.752
948.099
945.435
942.759
940.071
937.371
934.66
931.936
929.199
926.449
923.687
920.911
918.121
915.319
912.502
909.671
906.826
903.966
901.092
898.203
895.298
892.377
889.441
886.489
883.52
880.534
877.532
874.512
871.475
868.419
865.346
862.254
859.143
856.013
852.863
849.694
846.504
843.294
840.064
836.812
833.539
830.244
826.927
823.588
820.226
816.841
813.432
810
806.544
803.063
799.558
796.028
792.473
788.893
785.286
781.653
777.994
774.308
770.595
766.855
763.087
759.291
755.467
751.614
747.733
743.822
739.882
735.912
731.913
727.883
723.822
719.73
715.607
711.453
707.267
703.049
698.799
694.516
690.2
685.851
681.469
677.053
672.602
668.118
663.598
659.044
654.455
649.83
645.169
640.472
635.738
630.968
626.161
621.316
616.435
611.515
606.556
601.56
596.524
591.449
586.335
581.181
575.987
570.752
565.477
560.16
554.802
549.403
543.961
538.477
532.95
527.38
521.767
516.11
510.41
504.665
498.875
493.04
487.161
481.236
475.266
469.25
463.189
457.082
450.929
444.731
438.488
432.2
425.869
419.496
413.082
406.631
400.147
393.634
387.101
380.555
373.999
367.462
360.869
1056.18
1053.52
1050.87
1048.24
1045.66
1043.1
1040.57
1038.04
1035.5
1032.95
1030.39
1027.82
1025.25
1022.7
1020.17
1017.64
1015.09
1012.54
1010
1007.46
1004.92
1002.38
999.841
997.302
994.763
992.223
989.682
987.139
984.592
982.041
979.486
976.925
974.357
971.783
969.2
966.61
964.011
961.403
958.785
956.158
953.52
950.872
948.214
945.544
942.863
940.17
937.465
934.749
932.021
929.28
926.526
923.76
920.98
918.188
915.381
912.562
909.728
906.88
904.017
901.14
898.248
895.341
892.418
889.48
886.525
883.555
880.567
877.563
874.541
871.502
868.445
865.37
862.277
859.165
856.033
852.883
849.712
846.521
843.31
840.079
836.826
833.552
830.256
826.938
823.598
820.236
816.85
813.441
810.008
806.551
803.07
799.565
796.034
792.479
788.898
785.291
781.658
777.998
774.312
770.599
766.858
763.09
759.294
755.469
751.617
747.735
743.824
739.884
735.914
731.914
727.884
723.823
719.731
715.608
711.454
707.268
703.05
698.8
694.517
690.201
685.852
681.469
677.053
672.603
668.118
663.598
659.044
654.455
649.83
645.169
640.472
635.738
630.968
626.161
621.316
616.435
611.515
606.556
601.559
596.524
591.449
586.335
581.181
575.987
570.752
565.477
560.16
554.802
549.403
543.961
538.477
532.95
527.38
521.767
516.11
510.41
504.665
498.875
493.041
487.161
481.237
475.267
469.251
463.19
457.083
450.931
444.733
438.49
432.203
425.873
419.501
413.089
406.641
400.16
393.652
387.129
380.593
374.069
367.566
361.048
1056.42
1053.77
1051.13
1048.52
1045.95
1043.41
1040.88
1038.36
1035.82
1033.27
1030.71
1028.14
1025.56
1023.01
1020.48
1017.94
1015.38
1012.81
1010.26
1007.71
1005.16
1002.61
1000.06
997.506
994.957
992.407
989.857
987.305
984.75
982.192
979.629
977.061
974.487
971.906
969.318
966.722
964.118
961.504
958.882
956.25
953.608
950.955
948.293
945.619
942.934
940.238
937.53
934.811
932.079
929.335
926.579
923.81
921.028
918.233
915.425
912.603
909.767
906.917
904.053
901.174
898.28
895.371
892.447
889.507
886.551
883.579
880.59
877.584
874.562
871.522
868.464
865.387
862.293
859.18
856.048
852.896
849.725
846.533
843.322
840.089
836.836
833.561
830.265
826.946
823.606
820.243
816.856
813.447
810.014
806.556
803.075
799.569
796.039
792.483
788.901
785.294
781.661
778.001
774.315
770.601
766.86
763.092
759.296
755.471
751.618
747.736
743.825
739.885
735.915
731.915
727.885
723.824
719.732
715.609
711.455
707.269
703.05
698.8
694.517
690.201
685.852
681.469
677.053
672.603
668.118
663.598
659.044
654.455
649.83
645.169
640.472
635.738
630.968
626.161
621.316
616.434
611.515
606.556
601.559
596.524
591.449
586.335
581.181
575.987
570.752
565.477
560.16
554.802
549.403
543.961
538.477
532.95
527.38
521.767
516.111
510.41
504.665
498.875
493.041
487.162
481.237
475.267
469.252
463.191
457.084
450.932
444.734
438.492
432.206
425.876
419.505
413.095
406.648
400.171
393.665
387.152
380.62
374.128
367.65
361.216
1056.56
1053.92
1051.29
1048.7
1046.15
1043.62
1041.09
1038.57
1036.04
1033.49
1030.93
1028.36
1025.79
1023.24
1020.7
1018.15
1015.58
1013.01
1010.45
1007.89
1005.33
1002.77
1000.2
997.644
995.085
992.528
989.97
987.413
984.853
982.289
979.722
977.15
974.571
971.987
969.395
966.795
964.187
961.571
958.945
956.31
953.665
951.01
948.345
945.669
942.981
940.283
937.573
934.852
932.118
929.373
926.614
923.844
921.06
918.264
915.454
912.63
909.793
906.942
904.076
901.196
898.301
895.391
892.466
889.525
886.568
883.595
880.605
877.599
874.575
871.534
868.476
865.399
862.304
859.19
856.057
852.905
849.733
846.541
843.329
840.096
836.842
833.567
830.27
826.952
823.611
820.247
816.861
813.451
810.017
806.56
803.079
799.572
796.042
792.485
788.904
785.296
781.663
778.003
774.316
770.603
766.862
763.093
759.297
755.472
751.619
747.737
743.826
739.886
735.916
731.916
727.885
723.824
719.732
715.609
711.455
707.269
703.051
698.8
694.517
690.201
685.852
681.47
677.053
672.603
668.118
663.599
659.044
654.455
649.83
645.169
640.472
635.738
630.968
626.161
621.317
616.434
611.515
606.556
601.559
596.524
591.449
586.335
581.181
575.987
570.752
565.477
560.16
554.802
549.403
543.961
538.477
532.95
527.381
521.767
516.111
510.41
504.665
498.876
493.041
487.162
481.237
475.268
469.252
463.191
457.085
450.933
444.735
438.493
432.207
425.878
419.508
413.099
406.653
400.178
393.674
387.169
380.638
374.176
367.712
361.377
1056.62
1053.99
1051.38
1048.81
1046.27
1043.75
1041.23
1038.71
1036.18
1033.63
1031.07
1028.5
1025.95
1023.4
1020.85
1018.29
1015.72
1013.15
1010.58
1008.01
1005.44
1002.87
1000.3
997.728
995.163
992.6
990.039
987.478
984.915
982.349
979.779
977.204
974.623
972.036
969.442
966.84
964.23
961.612
958.984
956.347
953.701
951.044
948.377
945.7
943.011
940.311
937.6
934.877
932.143
929.396
926.637
923.865
921.081
918.283
915.472
912.648
909.81
906.958
904.091
901.21
898.315
895.404
892.478
889.536
886.579
883.605
880.615
877.608
874.584
871.543
868.483
865.406
862.311
859.196
856.063
852.911
849.738
846.546
843.334
840.101
836.847
833.571
830.274
826.955
823.614
820.25
816.863
813.453
810.02
806.562
803.081
799.575
796.043
792.487
788.905
785.298
781.664
778.004
774.318
770.604
766.863
763.094
759.298
755.473
751.62
747.738
743.827
739.886
735.916
731.916
727.886
723.825
719.733
715.61
711.455
707.269
703.051
698.8
694.517
690.201
685.852
681.47
677.053
672.603
668.118
663.599
659.044
654.455
649.83
645.169
640.472
635.738
630.968
626.161
621.317
616.435
611.515
606.556
601.559
596.524
591.449
586.335
581.181
575.987
570.752
565.477
560.16
554.803
549.403
543.961
538.477
532.951
527.381
521.768
516.111
510.41
504.665
498.876
493.042
487.162
481.238
475.268
469.253
463.192
457.085
450.934
444.736
438.494
432.209
425.88
419.51
413.101
406.657
400.183
393.681
387.181
380.65
374.216
367.754
361.529
1056.6
1054.01
1051.44
1048.89
1046.36
1043.84
1041.33
1038.8
1036.27
1033.72
1031.17
1028.61
1026.06
1023.52
1020.96
1018.39
1015.81
1013.24
1010.67
1008.09
1005.51
1002.93
1000.35
997.777
995.205
992.639
990.075
987.512
984.947
982.38
979.809
977.233
974.652
972.063
969.468
966.865
964.254
961.635
959.006
956.369
953.721
951.064
948.396
945.718
943.028
940.328
937.616
934.893
932.157
929.41
926.65
923.878
921.093
918.294
915.483
912.658
909.82
906.967
904.1
901.219
898.323
895.412
892.486
889.544
886.586
883.612
880.621
877.614
874.59
871.548
868.488
865.411
862.315
859.201
856.067
852.914
849.742
846.55
843.337
840.104
836.849
833.574
830.277
826.958
823.616
820.252
816.865
813.455
810.021
806.564
803.082
799.576
796.045
792.488
788.906
785.299
781.665
778.005
774.318
770.605
766.864
763.095
759.298
755.474
751.62
747.738
743.827
739.887
735.917
731.916
727.886
723.825
719.733
715.61
711.456
707.27
703.051
698.801
694.518
690.202
685.853
681.47
677.054
672.603
668.118
663.599
659.045
654.455
649.83
645.169
640.472
635.739
630.968
626.161
621.317
616.435
611.515
606.556
601.56
596.524
591.449
586.335
581.181
575.987
570.752
565.477
560.161
554.803
549.403
543.962
538.478
532.951
527.381
521.768
516.111
510.411
504.666
498.876
493.042
487.163
481.238
475.268
469.253
463.192
457.086
450.934
444.737
438.495
432.209
425.881
419.511
413.103
406.659
400.187
393.685
387.189
380.658
374.243
367.778
361.656
1056.56
1054.02
1051.49
1048.96
1046.44
1043.91
1041.38
1038.85
1036.32
1033.78
1031.24
1028.7
1026.15
1023.59
1021.02
1018.45
1015.87
1013.29
1010.72
1008.13
1005.55
1002.96
1000.38
997.799
995.225
992.657
990.092
987.528
984.964
982.396
979.825
977.249
974.667
972.078
969.482
966.879
964.268
961.648
959.019
956.381
953.733
951.075
948.407
945.728
943.039
940.338
937.626
934.902
932.166
929.418
926.658
923.886
921.1
918.302
915.49
912.665
909.826
906.973
904.106
901.224
898.328
895.417
892.49
889.548
886.59
883.616
880.625
877.618
874.593
871.551
868.491
865.414
862.318
859.203
856.07
852.917
849.744
846.552
843.339
840.106
836.851
833.575
830.278
826.959
823.618
820.254
816.866
813.456
810.022
806.565
803.083
799.577
796.045
792.489
788.907
785.299
781.666
778.006
774.319
770.605
766.864
763.095
759.299
755.474
751.621
747.739
743.827
739.887
735.917
731.916
727.886
723.825
719.733
715.61
711.456
707.269
703.051
698.801
694.517
690.202
685.852
681.47
677.053
672.603
668.118
663.599
659.044
654.455
649.83
645.169
640.472
635.738
630.968
626.161
621.316
616.434
611.514
606.556
601.559
596.524
591.449
586.335
581.181
575.987
570.752
565.477
560.16
554.802
549.403
543.961
538.477
532.95
527.381
521.767
516.111
510.41
504.665
498.876
493.041
487.162
481.238
475.268
469.253
463.192
457.086
450.934
444.737
438.495
432.209
425.881
419.512
413.104
406.66
400.188
393.686
387.192
380.662
374.253
367.786
361.736
1056.66
1054.11
1051.56
1049.01
1046.47
1043.93
1041.4
1038.86
1036.33
1033.8
1031.26
1028.71
1026.16
1023.61
1021.04
1018.47
1015.89
1013.31
1010.73
1008.14
1005.56
1002.97
1000.38
997.803
995.23
992.662
990.097
987.533
984.969
982.401
979.83
977.254
974.671
972.083
969.487
966.883
964.272
961.652
959.023
956.385
953.737
951.079
948.41
945.731
943.041
940.341
937.628
934.904
932.168
929.42
926.66
923.887
921.102
918.303
915.491
912.666
909.827
906.974
904.107
901.225
898.329
895.417
892.491
889.548
886.59
883.616
880.625
877.617
874.593
871.551
868.491
865.413
862.317
859.203
856.069
852.916
849.743
846.551
843.338
840.105
836.85
833.574
830.277
826.958
823.616
820.252
816.865
813.455
810.021
806.564
803.082
799.575
796.044
792.487
788.906
785.298
781.664
778.004
774.317
770.604
766.862
763.094
759.297
755.472
751.619
747.737
743.826
739.885
735.915
731.915
727.884
723.823
719.732
715.609
711.454
707.268
703.05
698.799
694.516
690.2
685.851
681.469
677.052
672.602
668.117
663.597
659.043
654.454
649.829
645.168
640.471
635.737
630.967
626.16
621.315
616.433
611.513
606.555
601.558
596.523
591.448
586.334
581.18
575.986
570.751
565.476
560.159
554.802
549.402
543.96
538.476
532.95
527.38
521.767
516.11
510.409
504.665
498.875
493.041
487.162
481.237
475.267
469.252
463.191
457.085
450.933
444.736
438.494
432.209
425.881
419.511
413.103
406.66
400.188
393.687
387.192
380.662
374.256
367.785
361.758
356.004
348.792
341.194
333.259
324.965
316.278
307.161
297.584
287.514
276.914
265.747
253.972
241.545
228.419
214.54
199.848
184.28
167.747
150.203
131.458
111.577
90.1142
67.3683
42.5572
15.7982
355.441
348.392
340.813
332.901
324.633
315.958
306.847
297.274
287.207
276.61
265.445
253.672
241.247
228.121
214.243
199.549
183.98
167.444
149.898
131.151
111.267
89.8042
67.0508
42.2491
15.5176
354.916
347.988
340.45
332.553
324.3
315.634
306.526
296.953
286.886
276.289
265.124
253.352
240.927
227.803
213.926
199.234
183.668
167.134
149.59
130.847
110.964
89.5061
66.7554
41.9723
15.2903
354.46
347.575
340.083
332.212
323.978
315.327
306.227
296.661
286.599
276.006
264.844
253.074
240.652
227.529
213.653
198.961
183.395
166.862
149.318
130.574
110.691
89.2335
66.4798
41.7326
15.1074
354.072
347.214
339.779
331.916
323.68
315.035
305.941
296.377
286.317
275.725
264.564
252.795
240.373
227.251
213.375
198.682
183.115
166.58
149.035
130.29
110.407
88.9505
66.2011
41.4848
14.9264
353.745
346.867
339.444
331.596
323.377
314.745
305.658
296.099
286.041
275.451
264.291
252.523
240.102
226.98
213.104
198.412
182.845
166.311
148.767
130.023
110.141
88.6891
65.9419
41.2639
14.78
353.454
346.552
339.168
331.34
323.114
314.481
305.398
295.841
285.785
275.197
264.039
252.272
239.853
226.731
212.856
198.164
182.597
166.063
148.517
129.774
109.891
88.4434
65.7003
41.059
14.6445
353.196
346.267
338.883
331.055
322.839
314.214
305.138
295.585
285.531
274.944
263.787
252.02
239.601
226.48
212.604
197.913
182.346
165.812
148.266
129.525
109.641
88.2016
65.4623
40.8576
14.5185
352.963
346.006
338.628
330.819
322.604
313.977
304.902
295.351
285.299
274.714
263.559
251.794
239.375
226.255
212.38
197.689
182.121
165.587
148.04
129.3
109.415
87.9833
65.2489
40.6813
14.4147
352.749
345.769
338.387
330.577
322.364
313.74
304.669
295.121
285.071
274.486
263.331
251.567
239.149
226.029
212.154
197.463
181.896
165.362
147.815
129.077
109.191
87.7685
65.0399
40.5082
14.3135
352.554
345.552
338.163
330.359
322.15
313.526
304.456
294.91
284.861
274.278
263.125
251.361
238.943
225.824
211.949
197.258
181.69
165.156
147.607
128.872
108.984
87.5719
64.8481
40.3526
14.2301
352.374
345.354
337.957
330.153
321.944
313.32
304.251
294.706
284.659
274.076
262.924
251.161
238.744
225.625
211.751
197.06
181.492
164.959
147.409
128.675
108.786
87.3844
64.6676
40.2074
14.1506
352.209
345.172
337.766
329.961
321.754
313.13
304.061
294.518
284.472
273.891
262.738
250.976
238.559
225.44
211.566
196.875
181.306
164.773
147.222
128.491
108.601
87.2097
64.4992
40.0725
14.0821
352.058
345.005
337.59
329.784
321.576
312.952
303.884
294.341
284.295
273.715
262.564
250.802
238.385
225.267
211.392
196.702
181.133
164.6
147.047
128.318
108.427
87.0466
64.3423
39.9488
14.0198
351.919
344.853
337.43
329.621
321.412
312.787
303.719
294.176
284.132
273.552
262.401
250.64
238.224
225.105
211.231
196.54
180.97
164.438
146.884
128.157
108.265
86.895
64.1975
39.8349
13.9641
351.793
344.714
337.283
329.471
321.261
312.635
303.566
294.024
283.98
273.401
262.251
250.489
238.074
224.955
211.081
196.39
180.82
164.287
146.732
128.008
108.114
86.7546
64.064
39.7311
13.9148
351.678
344.589
337.15
329.334
321.123
312.496
303.427
293.885
283.841
273.262
262.112
250.351
237.936
224.817
210.943
196.252
180.681
164.148
146.592
127.87
107.975
86.6255
63.9411
39.6361
13.8707
351.574
344.476
337.03
329.21
320.997
312.37
303.3
293.758
283.714
273.136
261.986
250.225
237.81
224.691
210.817
196.125
180.554
164.021
146.464
127.744
107.848
86.5074
63.8294
39.5499
13.8317
351.48
344.372
336.92
329.096
320.881
312.251
303.18
293.637
283.593
273.014
261.864
250.102
237.686
224.566
210.689
195.996
180.423
163.887
146.326
127.605
107.705
86.3692
63.6935
39.4348
13.7582
351.397
344.282
336.823
328.996
320.779
312.147
303.075
293.532
283.487
272.908
261.757
249.995
237.578
224.457
210.58
195.885
180.31
163.774
146.211
127.49
107.588
86.2599
63.5891
39.3547
13.7227
351.325
344.204
336.74
328.909
320.689
312.057
302.983
293.439
283.394
272.814
261.664
249.901
237.484
224.362
210.484
195.789
180.212
163.675
146.11
127.389
107.486
86.1646
63.498
39.2853
13.692
351.263
344.137
336.668
328.834
320.613
311.979
302.905
293.36
283.315
272.735
261.584
249.821
237.403
224.281
210.402
195.706
180.129
163.59
146.024
127.303
107.399
86.0834
63.4213
39.2273
13.6671
351.212
344.081
336.609
328.772
320.549
311.914
302.839
293.294
283.249
272.669
261.517
249.754
237.336
224.214
210.335
195.638
180.059
163.52
145.953
127.233
107.327
86.0163
63.3582
39.1795
13.6462
351.171
344.036
336.561
328.723
320.499
311.862
302.787
293.241
283.196
272.616
261.464
249.701
237.283
224.161
210.281
195.583
180.004
163.465
145.896
127.176
107.269
85.9633
63.3082
39.1417
13.6302
351.14
344.003
336.525
328.686
320.46
311.823
302.747
293.202
283.156
272.576
261.425
249.662
237.244
224.121
210.241
195.543
179.964
163.423
145.854
127.135
107.227
85.9241
63.2713
39.1139
13.6183
351.119
343.98
336.501
328.66
320.434
311.797
302.721
293.176
283.13
272.55
261.399
249.636
237.218
224.095
210.215
195.517
179.937
163.397
145.827
127.108
107.2
85.8988
63.2475
39.096
13.6107
351.108
343.968
336.489
328.647
320.421
311.784
302.707
293.162
283.117
272.537
261.386
249.624
237.206
224.083
210.203
195.505
179.925
163.385
145.815
127.095
107.187
85.8872
63.2366
39.0879
13.6073
351.108
343.968
336.488
328.647
320.421
311.784
302.708
293.164
283.119
272.54
261.389
249.627
237.21
224.088
210.208
195.511
179.931
163.391
145.822
127.103
107.196
85.8968
63.247
39.0992
13.6194
351.116
343.977
336.498
328.658
320.432
311.796
302.72
293.176
283.131
272.553
261.403
249.641
237.224
224.102
210.223
195.526
179.946
163.406
145.837
127.119
107.211
85.9107
63.2599
39.1089
13.6237
351.134
343.997
336.519
328.68
320.455
311.819
302.744
293.201
283.157
272.578
261.429
249.668
237.251
224.13
210.251
195.553
179.975
163.435
145.866
127.147
107.239
85.9369
63.2841
39.1271
13.6317
351.162
344.027
336.552
328.714
320.49
311.855
302.781
293.238
283.194
272.617
261.468
249.707
237.291
224.17
210.291
195.594
180.016
163.476
145.907
127.188
107.28
85.975
63.3196
39.1537
13.6436
351.199
344.068
336.595
328.759
320.536
311.903
302.829
293.287
283.245
272.668
261.519
249.759
237.343
224.223
210.344
195.648
180.07
163.531
145.962
127.242
107.335
86.0252
63.3661
39.1889
13.6593
351.246
344.119
336.65
328.816
320.595
311.963
302.89
293.349
283.307
272.731
261.583
249.824
237.408
224.289
210.411
195.715
180.137
163.598
146.031
127.31
107.402
86.0878
63.4245
39.2328
13.6792
351.303
344.181
336.716
328.885
320.666
312.035
302.964
293.423
283.382
272.807
261.66
249.901
237.486
224.367
210.49
195.794
180.217
163.679
146.112
127.39
107.483
86.1624
63.4946
39.2854
13.7053
351.376
344.26
336.8
328.972
320.755
312.126
303.056
293.517
283.477
272.903
261.757
249.999
237.585
224.467
210.59
195.896
180.32
163.783
146.218
127.496
107.59
86.2641
63.5921
39.3659
13.7467
351.465
344.356
336.902
329.078
320.863
312.236
303.168
293.629
283.59
273.016
261.87
250.113
237.699
224.581
210.705
196.011
180.436
163.898
146.333
127.609
107.704
86.3683
63.6897
39.4393
13.7808
351.566
344.467
337.02
329.199
320.987
312.361
303.294
293.757
283.718
273.145
261.999
250.242
237.829
224.711
210.835
196.141
180.566
164.028
146.464
127.737
107.832
86.4863
63.8004
39.5232
13.8203
351.681
344.592
337.154
329.337
321.126
312.502
303.437
293.9
283.862
273.288
262.143
250.386
237.974
224.856
210.98
196.286
180.711
164.173
146.61
127.88
107.975
86.6177
63.924
39.6178
13.8655
351.81
344.734
337.304
329.49
321.282
312.659
303.595
294.059
284.021
273.449
262.304
250.547
238.134
225.016
211.141
196.447
180.872
164.333
146.77
128.037
108.133
86.7632
64.0622
39.7236
13.9171
351.954
344.892
337.471
329.661
321.453
312.832
303.769
294.233
284.194
273.621
262.477
250.72
238.308
225.19
211.315
196.621
181.047
164.507
146.946
128.209
108.306
86.9229
64.2109
39.8407
13.9754
352.114
345.067
337.656
329.848
321.64
313.02
303.958
294.424
284.39
273.816
262.67
250.913
238.5
225.382
211.507
196.812
181.238
164.697
147.136
128.397
108.494
87.0974
64.3834
39.9705
14.0416
352.291
345.261
337.859
330.052
321.844
313.225
304.164
294.626
284.585
274.014
262.871
251.115
238.703
225.585
211.71
197.016
181.442
164.901
147.341
128.596
108.696
87.284
64.5629
40.1122
14.1159
352.485
345.476
338.083
330.273
322.064
313.446
304.386
294.854
284.82
274.245
263.097
251.339
238.926
225.808
211.932
197.238
181.664
165.122
147.562
128.816
108.914
87.4909
64.7606
40.2685
14.2003
352.701
345.715
338.326
330.512
322.301
313.684
304.62
295.08
285.039
274.467
263.327
251.571
239.158
226.04
212.165
197.47
181.896
165.353
147.796
129.043
109.145
87.705
64.971
40.4382
14.2949
352.954
345.995
338.607
330.783
322.57
313.955
304.898
295.365
285.327
274.749
263.6
251.841
239.428
226.31
212.434
197.739
182.165
165.622
148.064
129.309
109.409
87.9621
65.2127
40.6293
14.3994
353.241
346.313
338.914
331.078
322.862
314.241
305.174
295.634
285.597
275.027
263.883
252.126
239.714
226.596
212.721
198.027
182.454
165.911
148.355
129.595
109.701
88.2328
65.4857
40.86
14.5408
353.53
346.629
339.208
331.356
323.14
314.528
305.465
295.924
285.881
275.306
264.161
252.404
239.991
226.874
213
198.306
182.734
166.191
148.637
129.876
109.982
88.5076
65.7545
41.0853
14.6873
353.823
346.938
339.485
331.619
323.396
314.774
305.708
296.169
286.129
275.556
264.41
252.654
240.242
227.125
213.252
198.559
182.988
166.445
148.893
130.131
110.239
88.758
66.0041
41.3005
14.8336
354.122
347.236
339.742
331.864
323.645
315.025
305.953
296.411
286.369
275.794
264.649
252.893
240.481
227.365
213.492
198.8
183.23
166.687
149.135
130.373
110.481
88.9984
66.2406
41.5061
14.9816
354.425
347.518
339.983
332.089
323.863
315.239
306.168
296.625
286.584
276.01
264.864
253.108
240.697
227.581
213.709
199.018
183.449
166.907
149.356
130.594
110.702
89.2186
66.4592
41.6988
15.129
354.734
347.78
340.205
332.302
324.071
315.444
306.37
296.826
286.784
276.209
265.064
253.308
240.897
227.782
213.91
199.219
183.65
167.109
149.558
130.796
110.904
89.4209
66.66
41.8769
15.2654
355.042
348.022
340.409
332.492
324.257
315.627
306.552
297.008
286.966
276.392
265.247
253.491
241.081
227.966
214.095
199.405
183.837
167.295
149.745
130.984
111.092
89.609
66.847
42.0458
15.4039
355.347
348.242
340.598
332.669
324.427
315.792
306.715
297.171
287.128
276.554
265.409
253.654
241.243
228.129
214.259
199.569
184.001
167.461
149.911
131.149
111.259
89.7749
67.0151
42.1998
15.5343
355.644
348.442
340.769
332.828
324.58
315.945
306.869
297.324
287.282
276.707
265.562
253.806
241.396
228.281
214.411
199.721
184.153
167.612
150.063
131.301
111.412
89.9284
67.1698
42.3468
15.6677
355.904
348.617
340.925
332.969
324.715
316.078
307.001
297.456
287.414
276.839
265.694
253.939
241.529
228.415
214.546
199.857
184.29
167.75
150.202
131.441
111.553
90.0696
67.3116
42.4852
15.8005
356.095
348.759
341.053
333.091
324.834
316.197
307.121
297.577
287.534
276.959
265.815
254.059
241.65
228.537
214.667
199.979
184.412
167.873
150.325
131.565
111.677
90.1951
67.4376
42.6097
15.9215
356.222
348.879
341.17
333.205
324.946
316.307
307.231
297.686
287.644
277.069
265.925
254.17
241.761
228.648
214.779
200.091
184.525
167.986
150.439
131.679
111.791
90.3095
67.5527
42.7225
16.0356
)
;

boundaryField
{
    inlet
    {
        type            zeroGradient;
    }
    outlet
    {
        type            fixedValue;
        value           uniform 0;
    }
    upperWall
    {
        type            zeroGradient;
    }
    lowerWall
    {
        type            zeroGradient;
    }
    frontAndBack
    {
        type            empty;
    }
}


// ************************************************************************* //
