/*--------------------------------*- C++ -*----------------------------------*\
| =========                 |                                                 |
| \\      /  F ield         | OpenFOAM: The Open Source CFD Toolbox           |
|  \\    /   O peration     | Version:  2.1.x                                 |
|   \\  /    A nd           | Web:      www.OpenFOAM.org                      |
|    \\/     M anipulation  |                                                 |
\*---------------------------------------------------------------------------*/
FoamFile
{
    version     2.0;
    format      ascii;
    class       volScalarField;
    location    "0.007";
    object      p;
}
// * * * * * * * * * * * * * * * * * * * * * * * * * * * * * * * * * * * * * //

dimensions      [0 2 -2 0 0 0 0];

internalField   nonuniform List<scalar> 
12225
(
156.158
148.415
146.565
147.681
148.899
149.731
150.279
150.515
150.417
150.154
149.776
149.361
148.847
148.17
147.285
146.312
145.419
144.485
152.869
148.315
146.734
147.775
148.953
149.751
150.283
150.518
150.415
150.153
149.775
149.362
148.854
148.185
147.301
146.279
145.417
144.519
151.071
148.97
147.456
148.138
149.159
149.883
150.374
150.583
150.462
150.183
149.791
149.371
148.882
148.206
147.337
146.294
145.512
144.779
151.718
149.812
148.299
148.59
149.432
150.094
150.549
150.721
150.589
150.309
149.911
149.467
148.979
148.303
147.453
146.423
145.684
145.211
153.215
150.836
149.216
149.156
149.815
150.408
150.799
150.924
150.781
150.493
150.074
149.602
149.096
148.416
147.613
146.68
145.99
145.609
156.033
151.838
150.167
149.857
150.264
150.73
151.059
151.163
151.032
150.755
150.329
149.83
149.309
148.644
147.902
147.147
146.368
145.928
155.832
152.496
150.956
150.562
150.763
151.117
151.388
151.471
151.332
151.041
150.603
150.083
149.541
148.9
148.199
147.521
146.81
146.205
156.392
153.018
151.618
151.226
151.29
151.506
151.704
151.76
151.611
151.311
150.879
150.349
149.797
149.181
148.492
147.801
147.104
146.54
158.174
153.225
152.037
151.768
151.805
151.914
152.037
152.065
151.905
151.595
151.169
150.642
150.1
149.477
148.777
148.07
147.429
146.879
155.966
153.144
152.466
152.382
152.416
152.431
152.467
152.447
152.259
151.923
151.497
150.979
150.402
149.801
149.133
148.404
147.792
147.261
152.392
152.516
152.78
153.016
153.128
153.105
153.041
152.943
152.714
152.349
151.922
151.419
150.861
150.278
149.591
148.906
148.306
147.729
147.17
151.854
153.184
153.75
153.942
153.914
153.777
153.591
153.299
152.896
152.447
151.947
151.377
150.763
150.111
149.455
148.809
148.197
148.963
152.267
153.853
154.662
154.95
154.926
154.734
154.458
154.094
153.616
153.107
152.584
152.001
151.375
150.751
150.083
149.397
148.893
147.631
153.316
155.119
155.916
156.242
156.203
155.902
155.527
155.113
154.588
153.999
153.409
152.776
152.13
151.493
150.822
150.167
149.571
158.618
155.422
156.586
157.408
157.802
157.791
157.415
156.94
156.455
155.849
155.125
154.401
153.711
153.03
152.37
151.716
151.005
150.337
160.727
159.96
160.055
160.124
160.232
159.95
159.4
158.782
158.152
157.411
156.557
155.711
154.928
154.185
153.481
152.801
152.134
151.501
144.806
154.432
159.601
161.896
162.738
162.611
161.941
161.122
160.264
159.32
158.319
157.347
156.438
155.58
154.782
154.052
153.373
152.719
156.667
165.585
167.808
168.04
167.42
166.465
165.272
163.977
162.674
161.43
160.264
159.175
158.141
157.153
156.239
155.423
154.707
154.029
180.413
180.174
177.556
174.774
172.55
170.615
168.714
166.838
165.089
163.532
162.145
160.879
159.699
158.585
157.563
156.674
155.875
155.112
202.943
190.048
184.141
180.268
176.946
174.074
171.498
169.188
167.128
165.289
163.673
162.261
160.995
159.816
158.717
157.719
156.836
156.05
213.279
199.538
190.971
185.068
180.541
176.831
173.739
171.131
168.836
166.769
164.962
163.411
162.056
160.816
159.64
158.553
157.589
156.729
210.444
201.412
194.134
188.117
183.174
178.974
175.453
172.542
170.059
167.868
165.954
164.308
162.874
161.572
160.342
159.193
158.166
157.291
211.822
204.361
196.817
190.357
184.945
180.407
176.631
173.561
170.997
168.75
166.768
165.035
163.515
162.141
160.865
159.681
158.617
157.692
216.357
206.416
198.747
191.906
186.161
181.404
177.478
174.287
171.642
169.353
167.328
165.535
163.946
162.517
161.212
160.018
158.943
158.009
211.993
207.863
200.208
192.892
186.818
181.949
178.026
174.82
172.136
169.812
167.752
165.91
164.262
162.784
161.449
160.242
159.163
158.23
214.324
209.981
201.348
193.505
187.185
182.281
178.357
175.12
172.402
170.064
167.998
166.14
164.465
162.96
161.608
160.394
159.313
158.372
225.777
212.923
202.155
193.675
187.26
182.406
178.513
175.274
172.546
170.205
168.138
166.275
164.589
163.067
161.701
160.478
159.394
158.453
231.898
214.977
202.452
193.546
187.204
182.426
178.548
175.305
172.588
170.27
168.223
166.37
164.684
163.157
161.783
160.551
159.456
158.503
238.352
216.554
202.269
193.145
186.982
182.342
178.54
175.336
172.637
170.328
168.284
166.429
164.741
163.212
161.836
160.605
159.503
158.514
243.845
217.935
202.518
193.157
186.924
182.292
178.531
175.362
172.676
170.369
168.323
166.47
164.783
163.256
161.88
160.651
159.549
158.568
131.824
131.8
131.752
131.68
131.583
131.463
131.319
131.151
130.961
130.75
130.52
130.27
130.006
129.729
129.443
129.154
128.867
128.589
128.328
128.094
127.896
127.745
127.654
127.633
127.694
127.848
128.105
128.471
128.953
129.559
130.283
131.121
132.063
133.097
134.206
135.374
136.58
137.807
139.035
140.245
141.422
142.552
143.624
144.627
145.555
146.403
147.169
147.854
148.462
148.865
149.308
149.664
149.942
150.147
150.285
150.359
150.376
150.338
150.251
150.118
149.944
149.731
149.484
149.206
148.899
148.567
148.212
147.837
147.442
147.032
146.606
146.168
145.717
145.256
144.786
144.307
143.82
143.327
142.827
142.322
141.812
141.298
140.779
140.257
139.73
139.2
138.667
138.131
137.591
137.048
136.502
135.954
135.402
134.847
134.29
133.729
133.165
132.598
132.029
131.456
130.879
130.3
129.717
129.13
128.54
127.947
127.35
126.749
126.144
125.536
124.923
124.307
123.686
123.062
122.433
121.8
121.162
120.52
119.874
119.223
118.568
117.908
117.243
116.573
115.899
115.219
114.535
113.846
113.151
112.452
111.747
111.037
110.321
109.601
108.874
108.143
107.406
106.663
105.914
105.16
104.4
103.635
102.863
102.086
101.302
100.513
99.7174
98.9159
98.1081
97.2942
96.4741
95.6477
94.815
93.9759
93.1304
92.2785
91.4201
90.5553
89.6838
88.8062
87.9216
87.0317
86.1337
85.2322
84.3204
83.409
82.4836
81.5633
80.6271
79.6975
78.7562
77.8188
76.8757
75.9422
74.9986
74.0837
73.1577
72.2728
71.4052
70.5656
131.789
131.766
131.718
131.646
131.549
131.427
131.279
131.107
130.911
130.692
130.451
130.19
129.911
129.618
129.314
129.006
128.698
128.399
128.116
127.859
127.639
127.467
127.357
127.319
127.366
127.509
127.76
128.126
128.615
129.226
129.961
130.815
131.777
132.833
133.968
135.161
136.394
137.647
138.899
140.132
141.331
142.479
143.567
144.584
145.523
146.379
147.15
147.832
148.421
148.91
149.334
149.684
149.959
150.164
150.301
150.375
150.391
150.352
150.264
150.13
149.954
149.739
149.491
149.211
148.903
148.569
148.213
147.837
147.442
147.03
146.604
146.165
145.714
145.253
144.783
144.304
143.817
143.324
142.825
142.32
141.811
141.297
140.778
140.256
139.73
139.2
138.667
138.131
137.591
137.049
136.503
135.955
135.403
134.849
134.291
133.731
133.167
132.6
132.031
131.458
130.881
130.302
129.719
129.132
128.542
127.949
127.352
126.751
126.146
125.538
124.926
124.309
123.689
123.064
122.435
121.802
121.165
120.523
119.877
119.226
118.57
117.91
117.245
116.576
115.901
115.222
114.537
113.848
113.154
112.454
111.749
111.039
110.324
109.603
108.877
108.145
107.408
106.665
105.917
105.163
104.403
103.637
102.865
102.088
101.305
100.515
99.7197
98.9181
98.1103
97.2964
96.4763
95.6498
94.8171
93.978
93.1325
92.2805
91.422
90.5572
89.6857
88.8081
87.9234
87.0335
86.1351
85.2341
84.3214
83.411
82.4841
81.565
80.6274
79.6981
78.7569
77.8177
76.8761
75.9394
74.9978
74.0763
73.1555
72.2563
71.3928
70.5467
131.707
131.684
131.632
131.553
131.448
131.318
131.161
130.979
130.77
130.535
130.275
129.993
129.689
129.368
129.033
128.69
128.345
128.005
127.68
127.38
127.117
126.903
126.752
126.677
126.692
126.809
127.04
127.395
127.879
128.501
129.259
130.144
131.146
132.249
133.434
134.682
135.97
137.276
138.579
139.86
141.101
142.287
143.407
144.452
145.414
146.289
147.074
147.768
148.367
148.879
149.31
149.663
149.94
150.146
150.284
150.359
150.374
150.335
150.246
150.111
149.934
149.719
149.469
149.189
148.88
148.547
148.191
147.814
147.42
147.009
146.584
146.145
145.695
145.235
144.766
144.288
143.802
143.31
142.812
142.309
141.8
141.286
140.769
140.247
139.722
139.193
138.66
138.124
137.586
137.044
136.498
135.95
135.399
134.845
134.288
133.727
133.164
132.598
132.028
131.455
130.879
130.3
129.717
129.131
128.541
127.948
127.351
126.75
126.145
125.537
124.925
124.308
123.688
123.063
122.434
121.801
121.164
120.522
119.876
119.225
118.57
117.91
117.245
116.575
115.901
115.221
114.537
113.848
113.153
112.454
111.749
111.039
110.323
109.603
108.877
108.145
107.408
106.665
105.916
105.162
104.402
103.637
102.865
102.088
101.304
100.515
99.7195
98.918
98.1102
97.2963
96.4762
95.6498
94.817
93.9779
93.1324
92.2804
91.4219
90.5571
89.6854
88.8079
87.9229
87.0332
86.1344
85.2336
84.3203
83.4098
82.4829
81.5625
80.626
79.6934
78.7543
77.8103
76.8709
75.9271
74.9878
74.056
73.1347
72.2174
71.3439
70.4525
131.54
131.517
131.464
131.386
131.276
131.139
130.97
130.77
130.54
130.28
129.991
129.676
129.335
128.972
128.59
128.195
127.793
127.392
127.003
126.636
126.304
126.023
125.807
125.672
125.634
125.709
125.91
126.248
126.732
127.369
128.157
129.089
130.151
131.324
132.589
133.92
135.291
136.681
138.063
139.417
140.724
141.969
143.141
144.229
145.228
146.133
146.943
147.657
148.276
148.805
149.248
149.609
149.893
150.103
150.244
150.321
150.338
150.3
150.211
150.076
149.899
149.684
149.434
149.154
148.846
148.512
148.157
147.781
147.387
146.978
146.553
146.116
145.668
145.209
144.741
144.264
143.78
143.29
142.793
142.29
141.783
141.27
140.754
140.233
139.709
139.181
138.649
138.114
137.576
137.035
136.49
135.943
135.392
134.839
134.282
133.722
133.159
132.593
132.024
131.452
130.876
130.297
129.714
129.128
128.539
127.946
127.349
126.748
126.144
125.536
124.923
124.307
123.687
123.062
122.434
121.801
121.163
120.522
119.875
119.225
118.569
117.909
117.245
116.575
115.901
115.221
114.537
113.848
113.153
112.454
111.749
111.039
110.324
109.603
108.877
108.145
107.408
106.665
105.917
105.163
104.403
103.637
102.865
102.088
101.305
100.515
99.7197
98.9181
98.1103
97.2964
96.4762
95.6498
94.817
93.9779
93.1323
92.2803
91.4217
90.5568
89.6851
88.8074
87.9224
87.0323
86.1338
85.2318
84.3196
83.4066
82.4818
81.5574
80.6238
79.6861
78.7494
77.8001
76.8613
75.9113
74.9697
74.0275
73.0977
72.1628
71.259
70.328
131.386
131.359
131.294
131.191
131.061
130.897
130.703
130.478
130.22
129.929
129.604
129.243
128.851
128.428
127.979
127.509
127.025
126.536
126.051
125.584
125.149
124.765
124.449
124.221
124.099
124.104
124.252
124.559
125.034
125.69
126.524
127.527
128.68
129.959
131.344
132.8
134.297
135.811
137.309
138.771
140.175
141.507
142.754
143.906
144.958
145.907
146.752
147.493
148.137
148.687
149.147
149.522
149.816
150.033
150.18
150.26
150.28
150.244
150.156
150.022
149.845
149.631
149.382
149.102
148.795
148.463
148.108
147.734
147.342
146.933
146.511
146.076
145.629
145.172
144.706
144.231
143.749
143.26
142.765
142.265
141.759
141.248
140.733
140.214
139.691
139.164
138.634
138.1
137.563
137.022
136.479
135.932
135.383
134.83
134.274
133.715
133.152
132.587
132.018
131.446
130.871
130.292
129.71
129.124
128.535
127.942
127.346
126.745
126.141
125.533
124.921
124.305
123.685
123.061
122.432
121.799
121.162
120.521
119.875
119.224
118.569
117.909
117.244
116.575
115.9
115.221
114.537
113.847
113.153
112.454
111.749
111.039
110.323
109.603
108.877
108.145
107.408
106.665
105.917
105.163
104.403
103.637
102.865
102.088
101.305
100.515
99.7197
98.9182
98.1104
97.2965
96.4763
95.6498
94.817
93.9778
93.1322
92.2801
91.4215
90.5565
89.6847
88.8068
87.9219
87.0312
86.133
85.2298
84.3187
83.4031
82.4805
81.5518
80.6211
79.6788
78.7426
77.7906
76.8478
75.8952
74.9461
73.9971
73.0534
72.1048
71.1666
70.2032
131.068
131.047
130.99
130.9
130.773
130.604
130.395
130.145
129.855
129.517
129.132
128.706
128.243
127.74
127.199
126.626
126.027
125.41
124.787
124.175
123.588
123.049
122.58
122.206
121.952
121.844
121.906
122.157
122.613
123.292
124.188
125.294
126.578
128.013
129.575
131.214
132.897
134.589
136.256
137.873
139.417
140.872
142.225
143.467
144.593
145.602
146.494
147.27
147.948
148.526
149.009
149.401
149.709
149.937
150.092
150.178
150.202
150.169
150.083
149.951
149.775
149.562
149.315
149.036
148.73
148.4
148.047
147.675
147.285
146.879
146.459
146.026
145.582
145.127
144.664
144.191
143.712
143.225
142.732
142.234
141.73
141.221
140.708
140.19
139.669
139.144
138.615
138.082
137.546
137.007
136.465
135.919
135.371
134.819
134.263
133.705
133.144
132.579
132.011
131.439
130.865
130.286
129.705
129.12
128.531
127.938
127.342
126.742
126.138
125.53
124.919
124.303
123.683
123.059
122.431
121.798
121.161
120.519
119.873
119.223
118.568
117.908
117.243
116.574
115.9
115.22
114.536
113.847
113.153
112.453
111.749
111.039
110.323
109.603
108.877
108.145
107.408
106.665
105.917
105.163
104.403
103.637
102.865
102.088
101.305
100.515
99.7198
98.9182
98.1105
97.2965
96.4763
95.6498
94.817
93.9778
93.1321
92.2799
91.4213
90.5561
89.6843
88.8062
87.9212
87.0301
86.132
85.2278
84.3172
83.3998
82.4781
81.547
80.6166
79.672
78.7341
77.7804
76.8324
75.8779
74.9196
73.9654
73.0062
72.043
71.0771
70.0833
130.967
130.917
130.806
130.669
130.497
130.293
130.033
129.724
129.378
128.995
128.564
128.074
127.52
126.907
126.242
125.529
124.772
123.978
123.162
122.337
121.527
120.754
120.051
119.449
118.986
118.697
118.615
118.771
119.186
119.887
120.866
122.117
123.594
125.262
127.087
128.998
130.953
132.907
134.817
136.656
138.399
140.026
141.526
142.891
144.121
145.211
146.151
146.983
147.706
148.32
148.832
149.247
149.572
149.814
149.979
150.073
150.102
150.073
149.991
149.861
149.688
149.477
149.231
148.955
148.651
148.323
147.973
147.604
147.216
146.814
146.396
145.967
145.525
145.074
144.613
144.144
143.667
143.183
142.693
142.197
141.695
141.189
140.678
140.162
139.643
139.119
138.592
138.061
137.527
136.989
136.448
135.904
135.356
134.805
134.251
133.694
133.133
132.569
132.002
131.431
130.857
130.279
129.698
129.114
128.525
127.933
127.337
126.738
126.134
125.527
124.916
124.3
123.68
123.056
122.428
121.796
121.159
120.518
119.872
119.222
118.567
117.907
117.242
116.573
115.899
115.22
114.536
113.847
113.152
112.453
111.748
111.038
110.323
109.602
108.876
108.145
107.408
106.665
105.917
105.163
104.403
103.637
102.865
102.088
101.305
100.515
99.7198
98.9183
98.1105
97.2965
96.4763
95.6498
94.8169
93.9777
93.1319
92.2797
91.421
90.5557
89.6838
88.8055
87.9204
87.0288
86.1308
85.2258
84.3153
83.3966
82.4749
81.5424
80.6107
79.6656
78.7235
77.7701
76.8154
75.8587
74.8927
73.9304
72.9586
71.9795
70.9906
69.9714
130.589
130.546
130.437
130.318
130.181
129.965
129.703
129.392
129.013
128.55
128.002
127.38
126.705
125.964
125.143
124.24
123.263
122.223
121.127
119.994
118.848
117.724
116.655
115.693
114.886
114.292
113.961
113.943
114.271
115.005
116.116
117.593
119.364
121.387
123.604
125.923
128.282
130.621
132.884
135.039
137.059
138.925
140.627
142.163
143.538
144.767
145.687
146.62
147.408
148.069
148.617
149.06
149.406
149.664
149.841
149.945
149.981
149.957
149.879
149.753
149.583
149.375
149.132
148.859
148.558
148.233
147.887
147.521
147.137
146.738
146.324
145.898
145.461
145.013
144.555
144.089
143.616
143.135
142.648
142.155
141.656
141.152
140.644
140.13
139.613
139.092
138.566
138.037
137.505
136.969
136.429
135.886
135.34
134.79
134.237
133.681
133.121
132.558
131.992
131.422
130.848
130.271
129.691
129.107
128.519
127.927
127.332
126.733
126.13
125.523
124.912
124.297
123.677
123.054
122.426
121.794
121.157
120.516
119.87
119.22
118.565
117.906
117.241
116.572
115.898
115.219
114.535
113.846
113.152
112.452
111.748
111.038
110.323
109.602
108.876
108.145
107.408
106.665
105.917
105.163
104.403
103.637
102.865
102.088
101.305
100.515
99.7198
98.9183
98.1105
97.2965
96.4763
95.6497
94.8168
93.9775
93.1317
92.2794
91.4206
90.5553
89.6833
88.8047
87.9196
87.0276
86.1294
85.2238
84.3131
83.3935
82.4712
81.5378
80.6043
79.6586
78.7125
77.7587
76.7976
75.8384
74.8648
73.893
72.9117
71.915
70.9084
69.8694
130.546
130.513
130.384
130.174
129.911
129.616
129.299
128.912
128.454
127.933
127.345
126.665
125.865
124.933
123.885
122.738
121.481
120.109
118.627
117.055
115.412
113.742
112.101
110.553
109.188
108.096
107.368
107.09
107.305
108.103
109.392
111.158
113.337
115.874
118.67
121.606
124.58
127.497
130.282
132.897
135.315
137.517
139.497
141.253
142.792
144.121
145.245
146.229
147.071
147.781
148.367
148.841
149.211
149.488
149.679
149.793
149.838
149.82
149.747
149.625
149.459
149.255
149.016
148.747
148.45
148.129
147.787
147.426
147.046
146.652
146.243
145.821
145.387
144.944
144.49
144.028
143.558
143.081
142.597
142.108
141.612
141.111
140.605
140.094
139.58
139.061
138.538
138.011
137.48
136.945
136.408
135.866
135.321
134.773
134.221
133.666
133.108
132.545
131.98
131.411
130.838
130.262
129.682
129.099
128.512
127.921
127.326
126.727
126.125
125.518
124.907
124.293
123.674
123.05
122.423
121.791
121.154
120.514
119.868
119.218
118.563
117.904
117.24
116.571
115.897
115.218
114.534
113.845
113.151
112.452
111.747
111.037
110.322
109.602
108.876
108.144
107.407
106.665
105.916
105.162
104.403
103.637
102.865
102.088
101.305
100.515
99.7198
98.9182
98.1105
97.2965
96.4762
95.6497
94.8167
93.9773
93.1315
92.2791
91.4203
90.5548
89.6827
88.8039
87.9186
87.0263
86.1278
85.2217
84.3105
83.3904
82.4669
81.5331
80.5972
79.6511
78.7013
77.7459
76.7803
75.816
74.8366
73.8555
72.864
71.8533
70.8315
69.7748
130.504
130.455
130.291
130.074
129.792
129.495
129.169
128.755
128.21
127.548
126.77
125.891
124.911
123.818
122.57
121.135
119.499
117.662
115.631
113.415
111.041
108.554
106.041
103.613
101.409
99.5738
98.2513
97.6183
97.8485
98.4473
99.8293
101.946
104.703
107.97
111.604
115.451
119.354
123.161
126.748
130.056
133.058
135.745
138.115
140.175
141.941
143.419
144.69
145.772
146.687
147.452
148.083
148.592
148.989
149.286
149.492
149.618
149.671
149.661
149.594
149.477
149.316
149.117
148.883
148.619
148.327
148.012
147.675
147.319
146.945
146.555
146.152
145.735
145.306
144.867
144.418
143.961
143.495
143.022
142.542
142.055
141.563
141.065
140.563
140.055
139.543
139.026
138.506
137.981
137.452
136.92
136.384
135.844
135.301
134.754
134.204
133.65
133.093
132.532
131.967
131.399
130.827
130.252
129.673
129.09
128.504
127.914
127.319
126.721
126.119
125.513
124.903
124.288
123.67
123.047
122.419
121.788
121.152
120.511
119.866
119.216
118.562
117.902
117.238
116.569
115.896
115.217
114.533
113.844
113.15
112.451
111.747
111.037
110.322
109.601
108.875
108.144
107.407
106.665
105.916
105.162
104.402
103.637
102.865
102.088
101.305
100.515
99.7198
98.9182
98.1104
97.2964
96.4762
95.6495
94.8166
93.9771
93.1312
92.2788
91.4198
90.5543
89.6821
88.8031
87.9175
87.025
86.1261
85.2196
84.3078
83.3872
82.4625
81.5281
80.59
79.6432
78.6899
77.7325
76.7628
75.7927
74.8089
73.8174
72.8174
71.7952
70.7581
69.6883
130.539
130.461
130.292
130.068
129.773
129.413
129.007
128.517
127.919
127.223
126.414
125.448
124.278
122.877
121.246
119.393
117.3
114.921
112.204
109.136
105.736
102.091
98.3636
94.7474
91.4323
88.5979
86.4218
85.0828
84.7309
85.4089
87.2153
90.053
93.7161
97.9828
102.651
107.552
112.547
117.467
122.129
126.401
130.217
133.572
136.474
138.943
140.973
142.671
144.085
145.268
146.26
147.086
147.764
148.31
148.736
149.055
149.278
149.417
149.48
149.478
149.418
149.308
149.154
148.961
148.733
148.475
148.19
147.881
147.551
147.201
146.833
146.45
146.052
145.641
145.218
144.784
144.34
143.887
143.426
142.957
142.481
141.999
141.51
141.016
140.517
140.012
139.503
138.989
138.471
137.949
137.422
136.892
136.358
135.82
135.279
134.733
134.185
133.632
133.076
132.516
131.953
131.386
130.815
130.241
129.663
129.081
128.495
127.906
127.312
126.714
126.113
125.507
124.897
124.283
123.665
123.043
122.416
121.784
121.149
120.508
119.863
119.214
118.559
117.9
117.237
116.568
115.894
115.215
114.532
113.843
113.149
112.45
111.746
111.036
110.321
109.601
108.875
108.144
107.407
106.664
105.916
105.162
104.402
103.637
102.865
102.088
101.305
100.515
99.7197
98.9181
98.1104
97.2963
96.476
95.6494
94.8164
93.9769
93.1309
92.2785
91.4194
90.5537
89.6814
88.8022
87.9164
87.0236
86.1243
85.2175
84.3049
83.3839
82.4579
81.5229
80.5827
79.6347
78.6786
77.7184
76.7453
75.7696
74.7808
73.7806
72.7725
71.7394
70.6896
69.6093
130.879
130.783
130.614
130.362
130.015
129.56
129.036
128.428
127.716
126.889
125.924
124.787
123.457
121.909
120.094
117.908
115.244
112.056
108.337
104.097
99.3994
94.392
89.2972
84.3905
79.9249
76.0888
73.0707
71.0532
70.1534
71.3299
73.9156
77.7133
82.422
87.7239
93.3342
99.0974
104.988
110.918
116.68
122.051
126.853
131.028
134.572
137.541
139.951
141.891
143.458
144.741
145.805
146.687
147.411
147.991
148.446
148.787
149.029
149.183
149.26
149.268
149.218
149.117
148.971
148.786
148.566
148.316
148.039
147.738
147.415
147.072
146.712
146.335
145.944
145.539
145.122
144.694
144.256
143.808
143.352
142.888
142.416
141.938
141.454
140.963
140.467
139.966
139.46
138.949
138.434
137.914
137.39
136.862
136.33
135.794
135.255
134.711
134.164
133.613
133.058
132.5
131.938
131.372
130.802
130.229
129.652
129.071
128.486
127.897
127.304
126.707
126.106
125.501
124.892
124.278
123.66
123.038
122.412
121.781
121.145
120.505
119.861
119.211
118.557
117.898
117.235
116.566
115.893
115.214
114.531
113.842
113.148
112.449
111.745
111.036
110.321
109.6
108.875
108.143
107.406
106.664
105.916
105.162
104.402
103.637
102.865
102.088
101.304
100.515
99.7196
98.918
98.1103
97.2962
96.4759
95.6492
94.8162
93.9766
93.1306
92.2781
91.419
90.5532
89.6807
88.8014
87.9153
87.0222
86.1225
85.2154
84.302
83.3806
82.4533
81.5176
80.5755
79.626
78.6675
77.704
76.728
75.7465
74.753
73.7456
72.7286
71.6871
70.6262
69.5359
131.527
131.416
131.207
130.911
130.527
130.045
129.479
128.819
128.051
127.123
126.001
124.662
123.087
121.237
119.034
116.308
112.992
109.022
104.417
99.1883
93.3999
87.207
80.8232
74.5138
68.5638
63.326
59.2067
56.6804
56.2054
57.2126
60.1445
64.8122
70.8496
77.8314
85.0975
92.024
98.5081
104.877
111.275
117.506
123.249
128.297
132.451
135.991
138.843
141.077
142.815
144.194
145.322
146.257
147.024
147.637
148.115
148.478
148.739
148.912
149.005
149.028
148.99
148.901
148.766
148.591
148.382
148.142
147.874
147.582
147.268
146.934
146.581
146.212
145.828
145.43
145.02
144.598
144.166
143.724
143.273
142.814
142.347
141.874
141.393
140.907
140.415
139.917
139.414
138.906
138.394
137.877
137.356
136.83
136.301
135.767
135.229
134.687
134.142
133.593
133.039
132.482
131.922
131.357
130.788
130.216
129.64
129.06
128.476
127.888
127.295
126.699
126.099
125.494
124.886
124.273
123.655
123.033
122.407
121.777
121.142
120.502
119.858
119.208
118.555
117.896
117.233
116.564
115.891
115.213
114.529
113.841
113.147
112.448
111.744
111.035
110.32
109.6
108.874
108.143
107.406
106.663
105.915
105.162
104.402
103.636
102.865
102.088
101.304
100.515
99.7195
98.9179
98.1101
97.2961
96.4758
95.6491
94.8159
93.9764
93.1303
92.2777
91.4185
90.5526
89.6799
88.8005
87.9141
87.0208
86.1207
85.2132
84.2992
83.3772
82.4488
81.5122
80.5684
79.6172
78.6565
77.6898
76.7108
75.7241
74.726
73.7119
72.687
71.6383
70.5671
69.4687
132.387
132.253
131.987
131.625
131.177
130.654
130.053
129.371
128.593
127.654
126.5
125.098
123.4
121.337
118.833
115.641
111.66
106.909
101.461
95.2922
88.4323
80.9531
72.9964
64.799
56.7244
49.3429
43.3411
39.3699
37.9696
39.2887
43.3019
49.7572
57.9124
67.3244
77.3445
86.493
93.9709
100.608
107.064
113.577
119.863
125.574
130.437
134.461
137.704
140.228
142.144
143.618
144.801
145.783
146.595
147.243
147.744
148.124
148.404
148.597
148.712
148.756
148.737
148.663
148.542
148.38
148.182
147.954
147.697
147.415
147.111
146.786
146.443
146.082
145.706
145.315
144.912
144.497
144.071
143.635
143.19
142.736
142.275
141.806
141.33
140.848
140.359
139.866
139.366
138.862
138.352
137.838
137.32
136.797
136.269
135.738
135.202
134.662
134.119
133.571
133.019
132.464
131.904
131.341
130.774
130.202
129.627
129.048
128.465
127.878
127.286
126.691
126.091
125.487
124.879
124.266
123.65
123.028
122.403
121.772
121.138
120.498
119.854
119.205
118.552
117.894
117.231
116.562
115.889
115.211
114.528
113.839
113.146
112.447
111.743
111.034
110.319
109.599
108.873
108.142
107.405
106.663
105.915
105.161
104.402
103.636
102.865
102.087
101.304
100.515
99.7194
98.9178
98.11
97.296
96.4756
95.6489
94.8157
93.9761
93.13
92.2774
91.418
90.552
89.6792
88.7996
87.913
87.0194
86.1189
85.211
84.2964
83.3738
82.4444
81.5067
80.5615
79.6085
78.6457
77.6758
76.694
75.7027
74.6997
73.68
72.6479
71.5923
70.5128
69.4071
133.415
133.26
132.94
132.498
131.98
131.406
130.753
130.019
129.177
128.176
126.968
125.515
123.759
121.603
118.909
115.419
111.004
105.738
99.7382
92.8036
84.885
75.9877
66.286
56.1322
46.1245
37.1004
29.9702
25.3586
23.7774
25.6192
30.8793
39.2864
48.9818
59.5073
71.5108
82.7884
91.6118
98.471
104.609
110.843
117.241
123.405
128.804
133.207
136.703
139.423
141.478
143.029
144.252
145.267
146.116
146.802
147.332
147.732
148.03
148.244
148.384
148.454
148.46
148.408
148.304
148.158
147.973
147.757
147.511
147.241
146.947
146.632
146.298
145.946
145.578
145.195
144.799
144.391
143.972
143.542
143.103
142.655
142.199
141.735
141.264
140.786
140.302
139.812
139.316
138.815
138.309
137.798
137.282
136.761
136.237
135.707
135.174
134.636
134.094
133.548
132.998
132.444
131.886
131.324
130.758
130.188
129.614
129.036
128.454
127.867
127.276
126.682
126.083
125.48
124.872
124.26
123.644
123.023
122.398
121.768
121.134
120.495
119.851
119.202
118.549
117.891
117.228
116.56
115.887
115.209
114.526
113.838
113.145
112.446
111.742
111.033
110.318
109.598
108.873
108.142
107.405
106.663
105.915
105.161
104.401
103.636
102.865
102.087
101.304
100.515
99.7192
98.9176
98.1098
97.2958
96.4754
95.6487
94.8155
93.9759
93.1297
92.277
91.4176
90.5515
89.6785
88.7987
87.9118
87.018
86.1171
85.2089
84.2936
83.3704
82.44
81.5014
80.5547
79.5999
78.6352
77.6624
76.6777
75.6823
74.6747
73.6501
72.6112
71.5496
70.4631
69.3506
134.546
134.421
134.075
133.55
132.981
132.388
131.746
131.027
130.182
129.173
127.958
126.506
124.76
122.621
119.931
116.404
111.884
106.399
100.031
92.6878
84.3066
74.9064
64.6559
54.031
43.8016
34.7927
27.6752
23.1384
22.1247
24.4904
29.6999
38.3308
48.3513
58.3698
69.8198
81.7391
91.3788
98.107
103.721
109.469
115.73
122.076
127.782
132.391
135.983
138.767
140.887
142.487
143.737
144.769
145.639
146.352
146.909
147.332
147.649
147.883
148.045
148.141
148.172
148.143
148.06
147.929
147.759
147.555
147.321
147.061
146.778
146.473
146.149
145.806
145.446
145.072
144.684
144.283
143.87
143.447
143.014
142.571
142.12
141.662
141.195
140.722
140.242
139.756
139.264
138.767
138.264
137.756
137.243
136.725
136.203
135.676
135.144
134.609
134.069
133.525
132.976
132.424
131.867
131.307
130.742
130.173
129.6
129.023
128.442
127.856
127.266
126.673
126.074
125.472
124.865
124.253
123.638
123.017
122.393
121.763
121.129
120.491
119.847
119.199
118.546
117.888
117.226
116.558
115.885
115.208
114.525
113.837
113.143
112.445
111.741
111.032
110.318
109.598
108.872
108.141
107.404
106.662
105.914
105.161
104.401
103.636
102.864
102.087
101.304
100.514
99.7191
98.9175
98.1097
97.2956
96.4752
95.6485
94.8153
93.9756
93.1294
92.2766
91.4171
90.5509
89.6778
88.7978
87.9107
87.0167
86.1154
85.2068
84.291
83.3672
82.4359
81.4962
80.5482
79.5917
78.6251
77.6496
76.6621
75.6631
74.6512
73.622
72.5772
71.5102
70.4177
69.2993
135.421
135.475
135.152
134.622
134.072
133.521
132.961
132.333
131.589
130.685
129.589
128.287
126.709
124.716
122.162
118.813
114.473
109.087
102.763
95.5565
87.4672
78.5796
69.042
59.3106
49.9318
41.8171
35.4852
31.1556
30.3622
32.7646
36.9658
44.6835
54.5055
63.3666
72.4172
83.1692
92.7059
99.0937
104.225
109.57
115.454
121.555
127.202
131.777
135.322
138.112
140.3
141.98
143.288
144.355
145.247
145.976
146.547
146.985
147.317
147.565
147.742
147.855
147.906
147.895
147.826
147.707
147.547
147.352
147.129
146.879
146.606
146.311
145.996
145.662
145.311
144.945
144.565
144.171
143.766
143.349
142.922
142.486
142.04
141.587
141.125
140.657
140.181
139.699
139.211
138.717
138.217
137.712
137.202
136.687
136.168
135.643
135.114
134.58
134.042
133.5
132.954
132.403
131.848
131.289
130.725
130.158
129.586
129.01
128.429
127.845
127.256
126.663
126.065
125.464
124.857
124.246
123.631
123.012
122.387
121.758
121.125
120.486
119.843
119.196
118.543
117.886
117.223
116.556
115.883
115.206
114.523
113.835
113.142
112.444
111.74
111.031
110.317
109.597
108.871
108.14
107.404
106.662
105.914
105.16
104.401
103.635
102.864
102.087
101.304
100.514
99.7189
98.9173
98.1095
97.2954
96.475
95.6482
94.815
93.9754
93.1291
92.2763
91.4167
90.5503
89.6771
88.7969
87.9097
87.0154
86.1138
85.2049
84.2885
83.3641
82.4319
81.4913
80.542
79.5839
78.6155
77.6376
76.6475
75.6451
74.6292
73.596
72.546
71.4741
70.3766
69.2528
135.935
136.145
135.72
135.301
134.912
134.562
134.186
133.738
133.18
132.45
131.536
130.398
128.962
127.129
124.807
121.882
118.161
113.473
107.855
101.384
94.3129
86.7151
78.5776
70.5162
62.5498
55.7431
50.6339
46.1262
44.9864
47.4974
51.1208
56.1839
63.9136
72.1267
80.1168
88.6604
96.0984
101.128
105.542
110.771
116.562
122.256
127.451
131.717
134.996
137.609
139.755
141.486
142.862
143.983
144.917
145.673
146.257
146.704
147.049
147.307
147.49
147.611
147.674
147.674
147.614
147.501
147.345
147.155
146.938
146.696
146.432
146.146
145.84
145.515
145.173
144.815
144.443
144.057
143.658
143.249
142.828
142.398
141.958
141.51
141.054
140.59
140.119
139.641
139.157
138.666
138.17
137.668
137.161
136.649
136.132
135.61
135.083
134.551
134.015
133.475
132.93
132.381
131.828
131.27
130.708
130.141
129.571
128.996
128.417
127.833
127.245
126.653
126.056
125.455
124.849
124.239
123.625
123.006
122.382
121.753
121.12
120.482
119.84
119.192
118.54
117.883
117.221
116.553
115.881
115.204
114.521
113.834
113.141
112.442
111.739
111.03
110.316
109.596
108.871
108.14
107.403
106.661
105.913
105.16
104.4
103.635
102.864
102.087
101.303
100.514
99.7187
98.9171
98.1093
97.2952
96.4748
95.6481
94.8148
93.9751
93.1288
92.2759
91.4162
90.5498
89.6764
88.7961
87.9087
87.0142
86.1123
85.203
84.2861
83.3611
82.4282
81.4866
80.5362
79.5766
78.6066
77.6264
76.6338
75.6285
74.609
73.5721
72.5176
71.4413
70.3394
69.211
136.058
136.021
135.61
135.413
135.373
135.363
135.282
135.079
134.68
134.043
133.159
132.063
130.78
129.222
127.316
124.938
121.875
118.1
113.445
107.867
102.02
95.512
88.5803
82.126
75.5738
69.8214
65.7337
62.6679
60.8083
62.0486
64.7586
68.7229
74.4542
80.6378
86.8597
93.5408
99.0405
102.618
106.37
111.737
118.017
123.927
128.844
132.727
135.618
137.873
139.779
141.377
142.669
143.735
144.644
145.395
145.978
146.428
146.789
147.067
147.259
147.382
147.451
147.466
147.422
147.321
147.172
146.987
146.774
146.538
146.28
146.001
145.702
145.385
145.05
144.7
144.334
143.955
143.563
143.159
142.745
142.32
141.885
141.441
140.99
140.53
140.063
139.588
139.107
138.62
138.127
137.628
137.124
136.614
136.099
135.579
135.054
134.525
133.991
133.452
132.909
132.361
131.809
131.253
130.692
130.126
129.557
128.983
128.405
127.822
127.235
126.643
126.047
125.447
124.842
124.232
123.618
123
122.376
121.748
121.116
120.478
119.836
119.189
118.537
117.88
117.218
116.551
115.879
115.202
114.519
113.832
113.139
112.441
111.738
111.029
110.315
109.595
108.87
108.139
107.403
106.661
105.913
105.159
104.4
103.635
102.863
102.086
101.303
100.514
99.7183
98.9167
98.1089
97.2949
96.4745
95.6477
94.8145
93.9747
93.1284
92.2754
91.4157
90.5491
89.6756
88.7952
87.9076
87.0129
86.1108
85.2011
84.2837
83.3582
82.4246
81.4821
80.5307
79.5697
78.5982
77.616
76.6212
75.6132
74.5906
73.5504
72.4919
71.4116
70.3059
69.1734
136.032
135.668
135.317
135.365
135.75
136.115
136.29
136.214
135.869
135.289
134.508
133.573
132.463
131.14
129.469
127.261
124.586
121.496
117.397
112.654
107.825
102.147
96.2277
90.7097
85.1738
80.1342
76.4791
73.7963
71.9063
72.4678
74.8509
77.7868
81.684
86.627
91.6993
96.8095
101.292
104.583
108.296
113.546
119.362
124.815
129.423
133.105
135.874
138.026
139.854
141.396
142.63
143.631
144.485
145.21
145.769
146.195
146.553
146.846
147.047
147.167
147.23
147.245
147.214
147.133
147.005
146.834
146.631
146.403
146.152
145.88
145.588
145.277
144.948
144.603
144.244
143.87
143.483
143.085
142.675
142.254
141.823
141.384
140.935
140.479
140.015
139.544
139.065
138.581
138.09
137.594
137.091
136.584
136.071
135.553
135.03
134.502
133.969
133.432
132.89
132.344
131.793
131.237
130.678
130.113
129.545
128.972
128.394
127.812
127.226
126.635
126.04
125.44
124.835
124.226
123.613
122.995
122.372
121.744
121.112
120.474
119.832
119.186
118.534
117.877
117.215
116.549
115.877
115.2
114.518
113.83
113.138
112.44
111.737
111.028
110.314
109.594
108.869
108.138
107.402
106.66
105.912
105.159
104.399
103.634
102.863
102.086
101.303
100.513
99.7181
98.9165
98.1087
97.2947
96.4743
95.6475
94.8143
93.9745
93.1281
92.2751
91.4153
90.5486
89.6751
88.7945
87.9068
87.0119
86.1095
85.1996
84.2818
83.3558
82.4215
81.4783
80.526
79.5638
78.5909
77.607
76.6102
75.5998
74.5744
73.5313
72.4694
71.3855
70.2764
69.1404
136.348
135.731
135.301
135.622
136.436
137.091
137.424
137.434
137.173
136.665
135.997
135.166
134.095
132.807
131.18
129.22
127.083
124.318
120.681
116.815
112.513
107.567
102.521
97.7339
93.123
88.6138
85.2372
82.797
80.988
80.9541
82.5027
84.8978
87.9511
91.919
96.1329
99.8338
103.209
106.536
110.805
116.391
121.719
126.044
129.742
132.914
135.548
137.729
139.576
141.131
142.41
143.434
144.276
144.992
145.568
146
146.35
146.644
146.855
146.976
147.033
147.038
147.001
146.927
146.816
146.666
146.481
146.267
146.027
145.763
145.478
145.174
144.851
144.512
144.158
143.79
143.408
143.014
142.609
142.192
141.765
141.329
140.884
140.431
139.97
139.501
139.026
138.544
138.055
137.561
137.061
136.555
136.044
135.527
135.006
134.48
133.949
133.413
132.872
132.327
131.777
131.223
130.664
130.101
129.533
128.961
128.384
127.803
127.217
126.627
126.032
125.433
124.829
124.22
123.607
122.99
122.367
121.74
121.108
120.471
119.829
119.183
118.531
117.875
117.213
116.547
115.875
115.198
114.516
113.829
113.137
112.439
111.736
111.027
110.313
109.594
108.868
108.138
107.402
106.66
105.912
105.158
104.399
103.634
102.863
102.086
101.303
100.513
99.7179
98.9163
98.1086
97.2945
96.4741
95.6474
94.8141
93.9743
93.1279
92.2748
91.4149
90.5482
89.6746
88.7939
87.9061
87.011
86.1085
85.1982
84.2801
83.3537
82.4188
81.475
80.5218
79.5586
78.5845
77.599
76.6005
75.5881
74.5602
73.5145
72.4496
71.3627
70.2507
69.1117
137.425
136.646
136.109
136.544
137.547
138.321
138.742
138.805
138.556
138.092
137.436
136.537
135.422
134.113
132.584
130.939
128.979
126.235
123.221
119.935
115.947
111.812
107.469
103.402
99.396
95.2955
92.4218
90.2251
88.4173
88.0906
89.1276
90.9322
93.2405
96.1005
99.2613
102.183
105.394
109.199
113.6
118.773
123.82
127.804
131.102
133.783
135.952
137.947
139.695
141.1
142.302
143.28
144.066
144.746
145.324
145.77
146.136
146.434
146.645
146.776
146.849
146.863
146.824
146.746
146.637
146.496
146.327
146.128
145.901
145.649
145.373
145.076
144.76
144.427
144.078
143.715
143.338
142.948
142.547
142.134
141.711
141.278
140.836
140.386
139.927
139.461
138.988
138.509
138.022
137.53
137.032
136.528
136.018
135.503
134.984
134.459
133.929
133.394
132.855
132.311
131.762
131.209
130.651
130.088
129.522
128.95
128.374
127.794
127.209
126.619
126.025
125.426
124.823
124.215
123.602
122.985
122.362
121.736
121.104
120.467
119.826
119.18
118.528
117.872
117.211
116.545
115.873
115.197
114.515
113.828
113.135
112.438
111.735
111.026
110.312
109.593
108.868
108.137
107.401
106.659
105.911
105.158
104.399
103.634
102.862
102.085
101.302
100.513
99.7177
98.9161
98.1084
97.2944
96.474
95.6472
94.8139
93.9741
93.1276
92.2745
91.4146
90.5479
89.6741
88.7934
87.9055
87.0103
86.1076
85.1971
84.2786
83.3519
82.4166
81.4722
80.5182
79.5542
78.579
77.5922
76.5922
75.578
74.548
73.5001
72.4328
71.3433
70.2288
69.0873
139.029
138.103
137.573
138.001
138.951
139.751
140.162
140.183
139.901
139.389
138.647
137.702
136.565
135.173
133.637
132.036
130.038
127.669
125.191
122.136
118.667
115.116
111.288
107.849
104.233
100.61
98.0492
96.0251
94.361
93.8353
94.5109
95.719
97.3211
99.6916
102.272
104.648
107.757
112.165
116.842
121.12
125.101
128.605
131.672
134.308
136.394
138.236
139.872
141.234
142.42
143.35
144.065
144.692
145.234
145.65
145.977
146.25
146.44
146.564
146.65
146.692
146.672
146.6
146.49
146.349
146.183
145.994
145.779
145.537
145.271
144.982
144.673
144.346
144.003
143.645
143.272
142.887
142.489
142.08
141.66
141.23
140.791
140.343
139.887
139.424
138.953
138.475
137.991
137.5
137.004
136.502
135.994
135.481
134.962
134.439
133.91
133.377
132.838
132.295
131.748
131.195
130.638
130.077
129.511
128.94
128.365
127.785
127.2
126.611
126.018
125.419
124.817
124.209
123.597
122.98
122.358
121.731
121.1
120.464
119.823
119.177
118.526
117.87
117.209
116.543
115.871
115.195
114.513
113.826
113.134
112.437
111.734
111.025
110.311
109.592
108.867
108.137
107.401
106.659
105.911
105.158
104.398
103.633
102.862
102.085
101.302
100.513
99.7175
98.916
98.1082
97.2942
96.4738
95.647
94.8138
93.9739
93.1275
92.2743
91.4144
90.5476
89.6738
88.793
87.905
87.0097
86.1068
85.1962
84.2774
83.3504
82.4147
81.4698
80.5153
79.5505
78.5745
77.5865
76.5853
75.5696
74.5379
73.4882
72.4187
71.3271
70.2106
69.067
140.685
139.689
139.223
139.599
140.467
141.158
141.489
141.437
141.076
140.475
139.673
138.67
137.406
135.856
134.262
132.749
130.91
128.88
126.714
123.821
120.731
117.622
114.258
111.028
107.732
104.747
102.296
100.295
98.8747
98.3178
98.4607
99.2957
100.658
102.406
104.439
107.018
110.671
115
119.356
123.256
126.705
129.705
132.266
134.545
136.462
138.16
139.617
140.89
142.127
143.167
143.929
144.591
145.169
145.588
145.891
146.141
146.312
146.412
146.486
146.535
146.533
146.478
146.376
146.236
146.067
145.877
145.667
145.434
145.175
144.894
144.592
144.271
143.933
143.579
143.211
142.829
142.435
142.029
141.612
141.185
140.748
140.303
139.85
139.388
138.919
138.444
137.961
137.472
136.978
136.477
135.971
135.459
134.942
134.419
133.892
133.36
132.823
132.281
131.734
131.182
130.626
130.066
129.5
128.93
128.355
127.776
127.192
126.604
126.011
125.413
124.811
124.204
123.592
122.975
122.354
121.728
121.097
120.461
119.82
119.174
118.523
117.867
117.206
116.541
115.87
115.193
114.512
113.825
113.133
112.435
111.733
111.024
110.311
109.591
108.867
108.136
107.4
106.658
105.911
105.157
104.398
103.633
102.862
102.085
101.302
100.513
99.7173
98.9158
98.1081
97.2941
96.4737
95.6469
94.8136
93.9738
93.1273
92.2741
91.4141
90.5473
89.6735
88.7927
87.9047
87.0093
86.1062
85.1954
84.2765
83.3492
82.4132
81.468
80.5129
79.5476
78.5709
77.5821
76.5799
75.5629
74.5299
73.4787
72.4075
71.3143
70.196
69.0508
141.822
140.953
140.57
140.954
141.706
142.299
142.566
142.448
142.009
141.336
140.448
139.329
137.972
136.404
134.854
133.326
131.48
129.613
127.581
124.924
122.32
119.592
116.392
113.325
110.326
107.394
105.25
103.606
102.254
101.639
101.614
101.969
103.009
104.858
107.139
109.927
113.785
117.954
121.496
124.656
127.692
130.516
133.07
135.302
137.095
138.619
139.945
141.085
142.108
143.013
143.76
144.421
144.986
145.421
145.76
146.031
146.218
146.316
146.374
146.411
146.412
146.37
146.283
146.15
145.979
145.785
145.574
145.343
145.089
144.813
144.517
144.201
143.868
143.519
143.154
142.776
142.384
141.981
141.567
141.143
140.709
140.266
139.814
139.355
138.888
138.414
137.933
137.446
136.953
136.454
135.949
135.438
134.922
134.401
133.875
133.344
132.808
132.267
131.721
131.17
130.615
130.055
129.49
128.921
128.347
127.768
127.185
126.597
126.004
125.407
124.805
124.198
123.587
122.971
122.35
121.724
121.093
120.457
119.817
119.171
118.521
117.865
117.204
116.539
115.868
115.192
114.51
113.824
113.132
112.434
111.732
111.024
110.31
109.591
108.866
108.136
107.4
106.658
105.91
105.157
104.398
103.633
102.862
102.085
101.302
100.512
99.7171
98.9157
98.1079
97.2939
96.4736
95.6468
94.8135
93.9736
93.1272
92.274
91.414
90.5472
89.6734
88.7925
87.9044
87.0089
86.1058
85.1949
84.2758
83.3484
82.4121
81.4667
80.5113
79.5455
78.5682
77.5788
76.5758
75.558
74.524
73.4717
72.3992
71.3047
70.1852
69.0387
142.235
141.5
141.207
141.797
142.585
143.167
143.382
143.219
142.689
141.927
140.965
139.786
138.459
136.954
135.356
133.652
131.708
129.915
128.055
125.802
123.579
121.046
118.055
115.166
112.224
109.431
107.426
105.961
104.814
104.267
104.066
104.267
105.371
107.509
110.409
113.321
116.441
120.102
123.425
126.118
128.723
131.25
133.49
135.525
137.262
138.788
140.286
141.528
142.416
143.173
143.899
144.532
145.025
145.398
145.704
145.956
146.139
146.24
146.292
146.316
146.311
146.274
146.199
146.078
145.913
145.717
145.501
145.267
145.015
144.742
144.449
144.137
143.808
143.462
143.101
142.726
142.337
141.937
141.525
141.103
140.671
140.23
139.781
139.323
138.858
138.386
137.907
137.421
136.929
136.431
135.928
135.419
134.904
134.384
133.859
133.328
132.793
132.253
131.708
131.158
130.604
130.044
129.48
128.912
128.338
127.76
127.177
126.59
125.998
125.401
124.8
124.193
123.582
122.966
122.345
121.72
121.09
120.454
119.814
119.169
118.518
117.863
117.202
116.537
115.866
115.19
114.509
113.822
113.131
112.433
111.731
111.023
110.309
109.59
108.865
108.135
107.399
106.657
105.91
105.156
104.397
103.632
102.861
102.084
101.301
100.512
99.717
98.9155
98.1078
97.2938
96.4734
95.6467
94.8134
93.9735
93.1271
92.2739
91.4139
90.5471
89.6732
88.7924
87.9042
87.0087
86.1056
85.1946
84.2754
83.3479
82.4115
81.4658
80.5102
79.5442
78.5666
77.5767
76.5733
75.5548
74.5201
73.4671
72.3937
71.2983
70.1779
69.0305
142.026
141.117
141.599
142.383
143.227
143.774
143.929
143.773
143.107
142.258
141.28
140.087
138.942
137.45
135.63
133.813
131.651
129.788
128.37
126.512
124.515
122.216
119.366
116.63
113.858
110.9
108.873
107.74
106.84
106.406
106.259
106.588
108.083
110.523
113.497
116.478
119.068
121.878
124.92
127.389
129.567
131.942
134.172
136.02
137.548
138.898
140.227
141.387
142.276
143.027
143.793
144.526
145.09
145.451
145.709
145.926
146.088
146.186
146.23
146.242
146.228
146.19
146.122
146.013
145.857
145.662
145.443
145.206
144.952
144.68
144.389
144.08
143.754
143.411
143.052
142.68
142.294
141.895
141.486
141.066
140.636
140.197
139.749
139.293
138.83
138.359
137.881
137.397
136.907
136.41
135.908
135.4
134.886
134.367
133.843
133.314
132.779
132.24
131.696
131.147
130.593
130.034
129.471
128.903
128.33
127.753
127.17
126.583
125.992
125.395
124.794
124.188
123.578
122.962
122.342
121.716
121.086
120.451
119.811
119.166
118.516
117.86
117.2
116.535
115.864
115.188
114.507
113.821
113.129
112.432
111.73
111.022
110.308
109.589
108.865
108.134
107.398
106.657
105.909
105.156
104.397
103.632
102.861
102.084
101.301
100.512
99.7168
98.9154
98.1077
97.2937
96.4733
95.6466
94.8133
93.9735
93.127
92.2738
91.4138
90.547
89.6732
88.7923
87.9042
87.0087
86.1055
85.1945
84.2753
83.3477
82.4112
81.4655
80.5098
79.5436
78.5659
77.5758
76.5722
75.5534
74.5184
73.4649
72.3911
71.2952
70.1742
69.0264
142.836
141.888
141.874
142.554
143.468
144.01
144.211
144.121
143.274
142.363
141.455
140.197
139.236
137.73
135.64
133.832
131.519
129.587
128.552
126.934
125.07
123.044
120.326
117.773
115.12
112.045
110.134
109.336
108.679
108.489
108.634
109.173
110.867
113.448
116.058
118.544
120.986
123.412
125.97
128.422
130.583
132.616
134.538
136.243
137.765
139.146
140.418
141.482
142.326
143.015
143.631
144.258
144.853
145.294
145.579
145.808
145.992
146.115
146.169
146.177
146.16
146.12
146.054
145.952
145.804
145.615
145.395
145.156
144.9
144.628
144.338
144.03
143.706
143.365
143.009
142.638
142.254
141.858
141.45
141.032
140.604
140.166
139.72
139.266
138.804
138.334
137.858
137.375
136.886
136.39
135.889
135.382
134.87
134.352
133.828
133.3
132.766
132.228
131.684
131.136
130.583
130.025
129.462
128.895
128.322
127.745
127.164
126.577
125.986
125.39
124.789
124.184
123.573
122.958
122.338
121.713
121.083
120.448
119.808
119.163
118.513
117.858
117.198
116.533
115.863
115.187
114.506
113.82
113.128
112.431
111.729
111.021
110.307
109.589
108.864
108.134
107.398
106.656
105.909
105.156
104.397
103.632
102.861
102.084
101.301
100.512
99.7167
98.9152
98.1075
97.2936
96.4732
95.6465
94.8132
93.9734
93.1269
92.2738
91.4138
90.547
89.6732
88.7924
87.9042
87.0087
86.1055
85.1946
84.2754
83.3479
82.4114
81.4657
80.51
79.5439
78.5661
77.5761
76.5725
75.5537
74.5187
73.4651
72.3913
71.2953
70.1742
69.0262
143.178
142.287
142.289
142.848
143.674
144.115
144.287
144.303
143.312
142.341
141.507
140.164
139.331
137.803
135.611
134.031
131.549
129.474
128.794
127.236
125.391
123.724
121.147
118.769
116.456
113.513
111.659
111.129
110.756
110.673
111.237
112.242
113.704
115.874
118.171
120.123
122.343
124.92
127.235
129.183
131.257
133.446
135.247
136.63
137.934
139.228
140.467
141.561
142.464
143.192
143.78
144.316
144.807
145.19
145.456
145.684
145.878
146.019
146.092
146.105
146.09
146.053
145.99
145.893
145.752
145.568
145.351
145.111
144.854
144.581
144.291
143.984
143.661
143.322
142.967
142.598
142.216
141.822
141.416
140.999
140.573
140.137
139.692
139.239
138.779
138.311
137.836
137.354
136.866
136.372
135.871
135.365
134.854
134.337
133.814
133.287
132.754
132.216
131.673
131.126
130.573
130.016
129.454
128.887
128.315
127.738
127.157
126.571
125.98
125.385
124.784
124.179
123.569
122.954
122.334
121.709
121.08
120.445
119.806
119.161
118.511
117.856
117.196
116.531
115.861
115.185
114.505
113.819
113.127
112.43
111.728
111.02
110.307
109.588
108.863
108.133
107.398
106.656
105.909
105.155
104.396
103.631
102.861
102.084
101.301
100.512
99.7166
98.9152
98.1075
97.2935
96.4732
95.6465
94.8132
93.9734
93.127
92.2738
91.4139
90.5471
89.6733
88.7925
87.9044
87.009
86.1058
85.1949
84.2758
83.3484
82.412
81.4665
80.5109
79.545
78.5674
77.5776
76.5742
75.5558
74.5211
73.4678
72.3943
71.2986
70.1777
69.03
143.605
142.961
142.946
143.161
143.744
144.02
144.168
144.337
143.208
142.243
141.554
140.045
139.283
137.829
135.542
134.232
131.891
129.836
129.284
127.711
125.737
124.426
122.259
119.923
117.902
115.507
113.837
113.394
113.326
113.321
113.945
115.319
116.615
118.025
120.126
122.178
123.833
125.803
128.256
130.391
132.104
133.989
135.811
137.194
138.398
139.569
140.636
141.571
142.397
143.137
143.803
144.394
144.87
145.206
145.46
145.673
145.839
145.951
146.014
146.027
146.012
145.979
145.919
145.826
145.693
145.515
145.302
145.063
144.807
144.534
144.245
143.939
143.616
143.278
142.925
142.558
142.177
141.784
141.38
140.965
140.54
140.106
139.663
139.212
138.753
138.286
137.812
137.332
136.845
136.352
135.853
135.348
134.837
134.321
133.8
133.273
132.741
132.204
131.662
131.115
130.563
130.006
129.445
128.878
128.307
127.731
127.15
126.565
125.974
125.379
124.779
124.174
123.565
122.95
122.33
121.706
121.077
120.442
119.803
119.158
118.509
117.854
117.194
116.53
115.859
115.184
114.503
113.817
113.126
112.429
111.727
111.019
110.306
109.587
108.863
108.133
107.397
106.656
105.908
105.155
104.396
103.631
102.86
102.084
101.301
100.512
99.7165
98.9151
98.1075
97.2935
96.4732
95.6465
94.8133
93.9735
93.1271
92.2739
91.414
90.5473
89.6736
88.7928
87.9048
87.0094
86.1063
85.1955
84.2765
83.3492
82.413
81.4677
80.5124
79.5468
78.5696
77.5803
76.5774
75.5595
74.5255
73.4729
72.4001
71.3051
70.1848
69.0376
144.177
143.502
143.482
143.598
143.82
143.718
143.836
144.313
143.149
141.951
141.484
140.078
139.187
137.908
135.629
134.504
132.833
130.518
129.748
128.506
126.587
125.284
123.481
121.382
119.752
118.066
116.637
116.083
116.179
116.334
116.749
117.812
119.054
120.309
121.894
123.751
125.667
127.415
129.166
131.134
132.973
134.582
136.13
137.484
138.631
139.806
140.891
141.771
142.499
143.157
143.739
144.24
144.687
145.072
145.411
145.66
145.816
145.905
145.95
145.956
145.938
145.905
145.846
145.754
145.624
145.453
145.244
145.009
144.755
144.484
144.196
143.892
143.57
143.233
142.882
142.516
142.137
141.746
141.343
140.93
140.507
140.074
139.633
139.183
138.726
138.26
137.788
137.309
136.823
136.331
135.833
135.329
134.82
134.305
133.784
133.258
132.727
132.191
131.65
131.104
130.553
129.997
129.436
128.87
128.299
127.724
127.143
126.558
125.968
125.373
124.774
124.169
123.56
122.946
122.326
121.702
121.073
120.439
119.8
119.156
118.506
117.852
117.192
116.528
115.858
115.182
114.502
113.816
113.125
112.428
111.726
111.018
110.305
109.587
108.862
108.132
107.397
106.655
105.908
105.155
104.396
103.631
102.86
102.083
101.301
100.512
99.7164
98.915
98.1074
97.2935
96.4733
95.6466
94.8134
93.9736
93.1272
92.2741
91.4142
90.5475
89.6738
88.7931
87.9052
87.0099
86.1069
85.1962
84.2775
83.3503
82.4144
81.4694
80.5145
79.5494
78.5728
77.5841
76.582
75.565
74.5319
73.4803
72.4087
71.3147
70.1954
69.0491
144.735
144.08
144.051
143.987
143.828
143.754
143.67
143.75
142.818
141.894
141.459
140.171
138.987
137.955
136.134
134.787
133.418
131.549
130.515
129.43
127.661
126.267
124.945
123.192
121.654
120.569
119.563
118.92
119.034
119.259
119.482
120.161
121.11
122.333
123.864
125.35
127.02
128.93
130.558
132.082
133.697
135.17
136.631
137.947
138.965
139.979
140.942
141.78
142.484
143.189
143.819
144.275
144.633
144.979
145.308
145.549
145.7
145.808
145.867
145.88
145.864
145.831
145.773
145.679
145.549
145.381
145.178
144.948
144.698
144.431
144.146
143.843
143.523
143.187
142.837
142.472
142.095
141.706
141.305
140.894
140.472
140.042
139.602
139.154
138.698
138.234
137.763
137.285
136.801
136.31
135.813
135.31
134.802
134.288
133.768
133.243
132.713
132.178
131.638
131.092
130.542
129.986
129.426
128.861
128.291
127.716
127.136
126.551
125.962
125.368
124.768
124.164
123.555
122.941
122.322
121.698
121.07
120.436
119.797
119.153
118.504
117.85
117.19
116.526
115.856
115.181
114.5
113.815
113.123
112.427
111.725
111.017
110.304
109.586
108.862
108.132
107.396
106.655
105.907
105.154
104.396
103.631
102.86
102.083
101.3
100.511
99.7163
98.915
98.1074
97.2936
96.4733
95.6467
94.8135
93.9737
93.1273
92.2743
91.4144
90.5478
89.6742
88.7936
87.9057
87.0105
86.1077
85.1972
84.2786
83.3518
82.4162
81.4716
80.5173
79.5527
78.5769
77.5891
76.588
75.5722
74.5404
73.4902
72.42
71.3275
70.2096
69.0644
145.341
144.79
144.506
144.349
143.824
143.63
143.519
143.196
142.509
141.701
141.253
140.257
139.028
138.107
136.673
135.232
134.108
132.63
131.374
130.37
128.93
127.499
126.365
125.06
123.743
122.884
122.183
121.552
121.424
121.622
121.959
122.604
123.375
124.377
125.749
127.12
128.633
130.305
131.739
133.185
134.67
135.792
136.942
138.203
139.324
140.337
141.25
141.944
142.525
143.181
143.794
144.284
144.678
145.012
145.283
145.477
145.595
145.698
145.77
145.791
145.781
145.751
145.694
145.599
145.467
145.3
145.101
144.877
144.633
144.372
144.091
143.791
143.473
143.139
142.79
142.427
142.051
141.664
141.265
140.856
140.436
140.007
139.569
139.123
138.668
138.206
137.737
137.26
136.777
136.288
135.792
135.291
134.783
134.27
133.752
133.228
132.699
132.164
131.625
131.08
130.53
129.976
129.416
128.852
128.282
127.708
127.129
126.544
125.955
125.362
124.763
124.159
123.55
122.937
122.318
121.695
121.066
120.432
119.794
119.15
118.501
117.847
117.188
116.524
115.854
115.179
114.499
113.813
113.122
112.426
111.724
111.016
110.304
109.585
108.861
108.131
107.395
106.654
105.907
105.154
104.395
103.63
102.86
102.083
101.3
100.511
99.7163
98.915
98.1074
97.2936
96.4734
95.6467
94.8136
93.9739
93.1275
92.2745
91.4147
90.5481
89.6746
88.7941
87.9063
87.0113
86.1086
85.1983
84.2801
83.3535
82.4184
81.4743
80.5206
79.5568
78.5819
77.5953
76.5954
75.5811
74.5509
73.5025
72.4342
71.3435
70.2273
69.0838
145.596
144.901
144.824
144.493
143.772
143.567
143.428
142.874
142.302
141.756
141.259
140.458
139.289
138.363
137.273
135.929
134.806
133.596
132.405
131.442
130.205
128.877
127.94
126.932
125.737
124.97
124.485
123.968
123.771
123.875
124.177
124.864
125.66
126.587
127.857
129.03
130.184
131.618
132.871
134.099
135.563
136.734
137.684
138.705
139.676
140.453
141.236
142.006
142.784
143.448
143.931
144.287
144.624
144.967
145.243
145.424
145.532
145.626
145.698
145.716
145.704
145.675
145.612
145.512
145.376
145.208
145.014
144.797
144.56
144.305
144.03
143.735
143.42
143.088
142.741
142.38
142.006
141.621
141.224
140.816
140.399
139.972
139.535
139.091
138.638
138.177
137.709
137.234
136.753
136.265
135.77
135.27
134.764
134.252
133.735
133.212
132.684
132.15
131.612
131.068
130.519
129.965
129.406
128.842
128.273
127.7
127.121
126.537
125.949
125.355
124.757
124.154
123.545
122.932
122.314
121.691
121.062
120.429
119.791
119.147
118.499
117.845
117.186
116.522
115.852
115.177
114.497
113.812
113.121
112.425
111.723
111.016
110.303
109.584
108.86
108.13
107.395
106.654
105.907
105.154
104.395
103.63
102.86
102.083
101.3
100.511
99.7162
98.915
98.1075
97.2937
96.4735
95.6469
94.8137
93.9741
93.1277
92.2748
91.4151
90.5486
89.6751
88.7947
87.9071
87.0122
86.1098
85.1997
84.2817
83.3556
82.421
81.4775
80.5245
79.5617
78.5878
77.6027
76.6042
75.5917
74.5636
73.5171
72.4513
71.3629
70.2488
69.1073
146.187
145.569
145.189
144.663
143.964
143.696
143.374
142.717
142.208
141.795
141.326
140.586
139.568
138.674
137.741
136.561
135.424
134.372
133.357
132.402
131.319
130.14
129.258
128.472
127.479
126.73
126.31
125.9
125.756
125.929
126.243
126.772
127.366
128.159
129.448
130.651
131.511
132.667
133.976
135.117
136.198
137.194
138.154
139.252
140.266
140.967
141.524
142.132
142.816
143.499
144.057
144.401
144.664
144.952
145.197
145.359
145.468
145.561
145.633
145.651
145.639
145.611
145.545
145.435
145.291
145.121
144.927
144.714
144.484
144.236
143.968
143.677
143.367
143.038
142.693
142.334
141.963
141.579
141.184
140.779
140.363
139.937
139.503
139.06
138.608
138.149
137.683
137.209
136.729
136.242
135.749
135.25
134.745
134.234
133.718
133.196
132.669
132.136
131.598
131.055
130.507
129.954
129.396
128.833
128.264
127.691
127.113
126.53
125.942
125.349
124.751
124.148
123.54
122.927
122.309
121.686
121.058
120.425
119.787
119.144
118.496
117.842
117.183
116.519
115.85
115.175
114.495
113.81
113.119
112.423
111.722
111.014
110.302
109.583
108.859
108.13
107.394
106.653
105.906
105.153
104.394
103.63
102.859
102.083
101.3
100.511
99.716
98.9148
98.1073
97.2936
96.4734
95.6468
94.8137
93.9741
93.1278
92.2749
91.4152
90.5488
89.6755
88.7952
87.9077
87.013
86.1108
85.2011
84.2835
83.3578
82.4238
81.481
80.529
79.5673
78.5948
77.6112
76.6147
75.6043
74.5788
73.5349
72.472
71.3867
70.2751
69.1365
146.342
145.988
145.512
144.917
144.361
144.066
143.646
142.8
142.144
141.914
141.491
140.709
139.794
138.97
138.231
137.154
136.032
135.16
134.179
133.212
132.322
131.231
130.382
129.781
128.932
128.259
127.928
127.573
127.51
127.731
127.915
128.415
129.106
129.639
130.489
131.695
132.766
133.751
134.694
135.702
136.862
137.909
138.768
139.647
140.528
141.307
141.93
142.476
142.958
143.472
143.997
144.405
144.7
144.968
145.185
145.318
145.42
145.503
145.564
145.581
145.571
145.549
145.484
145.368
145.217
145.04
144.843
144.631
144.406
144.165
143.903
143.618
143.312
142.987
142.646
142.29
141.921
141.539
141.146
140.742
140.328
139.905
139.472
139.03
138.58
138.122
137.657
137.185
136.706
136.22
135.728
135.231
134.727
134.217
133.701
133.18
132.654
132.122
131.585
131.043
130.495
129.943
129.386
128.823
128.256
127.683
127.105
126.523
125.935
125.343
124.745
124.143
123.535
122.922
122.305
121.682
121.055
120.422
119.784
119.141
118.493
117.84
117.181
116.517
115.848
115.174
114.494
113.809
113.118
112.422
111.72
111.013
110.301
109.582
108.858
108.129
107.394
106.652
105.906
105.153
104.394
103.629
102.859
102.082
101.3
100.511
99.716
98.9148
98.1074
97.2936
96.4735
95.647
94.8139
93.9743
93.1281
92.2753
91.4157
90.5494
89.6761
88.796
87.9087
87.0142
86.1123
85.2029
84.2858
83.3606
82.4274
81.4854
80.5345
79.5742
78.6032
77.6217
76.6275
75.6198
74.5974
73.5568
72.4977
71.4162
70.3082
69.1731
146.815
146.49
145.95
145.314
144.893
144.55
144.011
143.206
142.583
142.217
141.732
140.977
140.15
139.386
138.691
137.802
136.77
135.953
135.142
134.21
133.337
132.449
131.699
131.158
130.494
129.916
129.575
129.318
129.32
129.419
129.554
130.106
130.746
131.234
132.057
132.945
133.599
134.522
135.666
136.657
137.604
138.466
139.192
140.003
140.874
141.606
142.189
142.722
143.148
143.504
143.897
144.275
144.596
144.885
145.11
145.245
145.357
145.446
145.495
145.51
145.502
145.481
145.423
145.309
145.155
144.97
144.763
144.546
144.322
144.086
143.831
143.552
143.252
142.932
142.594
142.242
141.876
141.497
141.106
140.704
140.292
139.87
139.438
138.998
138.55
138.094
137.63
137.159
136.681
136.197
135.707
135.21
134.707
134.198
133.684
133.164
132.639
132.108
131.572
131.03
130.484
129.932
129.375
128.813
128.246
127.674
127.097
126.515
125.928
125.336
124.739
124.137
123.53
122.918
122.3
121.678
121.051
120.418
119.781
119.138
118.49
117.837
117.179
116.515
115.846
115.172
114.492
113.807
113.117
112.421
111.719
111.012
110.3
109.581
108.858
108.128
107.393
106.652
105.905
105.152
104.394
103.629
102.859
102.082
101.3
100.511
99.7159
98.9148
98.1074
97.2937
96.4736
95.6471
94.8141
93.9746
93.1284
92.2757
91.4162
90.55
89.6769
88.7969
87.9097
87.0155
86.1139
85.2049
84.2883
83.3637
82.4313
81.4903
80.5406
79.5818
78.6126
77.6335
76.6418
75.6372
74.6185
73.5816
72.5271
71.45
70.3462
69.2154
147.287
146.953
146.388
145.768
145.328
144.816
144.32
143.726
143.094
142.623
142.036
141.357
140.687
139.917
139.264
138.496
137.58
136.872
136.058
135.264
134.584
133.647
132.972
132.685
132.088
131.528
131.332
131.085
131.03
131.294
131.429
131.613
132.178
132.797
133.35
133.991
134.817
135.806
136.697
137.363
138.206
139.196
139.905
140.452
141.104
141.813
142.391
142.854
143.281
143.696
144.08
144.373
144.623
144.87
145.053
145.172
145.284
145.378
145.432
145.456
145.45
145.419
145.355
145.249
145.105
144.925
144.712
144.481
144.248
144.009
143.756
143.483
143.187
142.872
142.539
142.191
141.828
141.452
141.063
140.664
140.253
139.833
139.403
138.965
138.518
138.064
137.601
137.132
136.656
136.173
135.684
135.188
134.686
134.179
133.666
133.147
132.622
132.093
131.557
131.017
130.471
129.92
129.364
128.803
128.237
127.665
127.089
126.507
125.921
125.33
124.733
124.131
123.524
122.913
122.296
121.674
121.047
120.415
119.777
119.135
118.487
117.834
117.176
116.513
115.844
115.17
114.49
113.805
113.115
112.419
111.718
111.011
110.299
109.581
108.857
108.127
107.392
106.651
105.905
105.152
104.393
103.629
102.858
102.082
101.299
100.511
99.7159
98.9149
98.1075
97.2938
96.4738
95.6473
94.8144
93.9749
93.1288
92.2762
91.4168
90.5507
89.6777
88.7979
87.911
87.017
86.1157
85.2071
84.2911
83.3671
82.4356
81.4956
80.5473
79.5902
78.6229
77.6465
76.6575
75.6565
74.642
73.6093
72.5602
71.4881
70.3893
69.2637
147.84
147.508
146.92
146.294
145.726
145.183
144.692
144.054
143.477
142.945
142.314
141.746
141.024
140.418
139.877
139.086
138.405
137.739
136.98
136.406
135.655
134.83
134.445
134.074
133.618
133.298
132.925
132.713
132.803
132.911
133.054
133.321
133.571
133.927
134.583
135.387
136.066
136.72
137.5
138.322
139.121
139.806
140.328
140.843
141.502
142.171
142.684
143.08
143.446
143.842
144.248
144.558
144.777
144.951
145.053
145.144
145.264
145.362
145.423
145.457
145.447
145.39
145.302
145.191
145.06
144.898
144.692
144.453
144.204
143.952
143.692
143.417
143.124
142.812
142.483
142.138
141.779
141.405
141.019
140.621
140.213
139.794
139.367
138.93
138.485
138.032
137.571
137.103
136.628
136.147
135.659
135.165
134.665
134.158
133.646
133.129
132.605
132.076
131.542
131.003
130.458
129.908
129.353
128.792
128.227
127.656
127.08
126.499
125.913
125.322
124.726
124.125
123.519
122.907
122.291
121.669
121.043
120.411
119.774
119.132
118.484
117.832
117.174
116.51
115.842
115.168
114.488
113.804
113.114
112.418
111.717
111.01
110.298
109.58
108.856
108.127
107.392
106.651
105.904
105.152
104.393
103.629
102.858
102.082
101.299
100.511
99.7159
98.9149
98.1076
97.294
96.4739
95.6475
94.8146
93.9752
93.1293
92.2767
91.4174
90.5514
89.6786
88.7989
87.9123
87.0185
86.1177
85.2094
84.2941
83.3707
82.4403
81.5013
80.5544
79.5992
78.634
77.6605
76.6745
75.6776
74.6677
73.6398
72.5969
71.5305
70.4378
69.3181
148.407
147.839
147.421
146.938
146.357
145.753
145.185
144.611
144.087
143.514
143.034
142.423
141.754
141.272
140.741
140.073
139.505
138.872
138.211
137.614
137.061
136.448
135.875
135.663
135.435
134.905
134.671
134.653
134.485
134.617
134.906
134.896
135.112
135.757
136.269
136.603
137.193
137.969
138.545
138.989
139.672
140.503
141.106
141.528
141.979
142.417
142.844
143.299
143.727
144.106
144.448
144.727
144.926
145.032
145.059
145.121
145.251
145.36
145.427
145.475
145.47
145.397
145.287
145.166
145.038
144.889
144.697
144.459
144.196
143.925
143.651
143.367
143.07
142.758
142.43
142.086
141.729
141.357
140.973
140.577
140.171
139.754
139.328
138.893
138.449
137.998
137.539
137.073
136.599
136.12
135.633
135.14
134.642
134.137
133.626
133.109
132.587
132.06
131.526
130.988
130.444
129.895
129.341
128.781
128.216
127.646
127.071
126.491
125.906
125.315
124.719
124.119
123.513
122.902
122.286
121.665
121.038
120.407
119.77
119.128
118.481
117.829
117.171
116.508
115.839
115.166
114.487
113.802
113.112
112.416
111.715
111.009
110.296
109.579
108.855
108.126
107.391
106.65
105.904
105.151
104.393
103.628
102.858
102.082
101.299
100.511
99.7159
98.915
98.1077
97.2941
96.4741
95.6478
94.815
93.9756
93.1298
92.2773
91.4181
90.5523
89.6796
88.8001
87.9137
87.0202
86.1198
85.2119
84.2973
83.3746
82.4452
81.5074
80.5621
79.6088
78.6457
77.6755
76.6927
75.7004
74.6955
73.673
72.6374
71.5772
70.4919
69.3791
149.008
148.622
148.021
147.427
146.803
146.27
145.717
145.266
144.665
144.18
143.688
143.114
142.635
142.103
141.506
141.086
140.578
139.982
139.447
138.895
138.351
137.874
137.461
137.154
136.92
136.671
136.354
136.154
136.273
136.415
136.405
136.566
136.873
137.109
137.522
138.104
138.434
138.678
139.256
139.983
140.518
140.913
141.354
141.904
142.459
142.91
143.286
143.651
144.007
144.312
144.55
144.739
144.908
145.057
145.151
145.218
145.295
145.344
145.368
145.404
145.411
145.35
145.247
145.133
145.014
144.876
144.697
144.466
144.2
143.919
143.632
143.339
143.035
142.718
142.386
142.041
141.682
141.311
140.927
140.532
140.127
139.712
139.287
138.854
138.412
137.962
137.505
137.04
136.569
136.091
135.606
135.115
134.617
134.114
133.604
133.089
132.568
132.042
131.51
130.972
130.43
129.881
129.328
128.769
128.205
127.636
127.061
126.482
125.897
125.307
124.712
124.112
123.507
122.896
122.281
121.66
121.034
120.403
119.766
119.125
118.478
117.825
117.168
116.505
115.837
115.163
114.485
113.8
113.11
112.415
111.714
111.007
110.295
109.578
108.854
108.125
107.39
106.65
105.903
105.151
104.392
103.628
102.858
102.082
101.299
100.511
99.7159
98.915
98.1078
97.2942
96.4743
95.648
94.8153
93.9761
93.1303
92.2779
91.4189
90.5531
89.6806
88.8013
87.9152
87.022
86.122
85.2145
84.3007
83.3786
82.4504
81.5137
80.5701
79.6188
78.658
77.6913
76.7118
75.7247
74.7252
73.709
72.6816
71.6284
70.552
69.4469
149.947
149.512
148.762
148.065
147.505
146.858
146.143
145.822
145.391
144.904
144.348
143.926
143.555
143.018
142.531
142.157
141.641
141.15
140.685
140.127
139.682
139.347
138.954
138.691
138.573
138.318
138.03
137.939
137.937
137.958
138.073
138.17
138.175
138.332
138.719
139.045
139.299
139.766
140.344
140.766
141.1
141.531
142.058
142.526
142.837
143.077
143.345
143.665
143.985
144.275
144.542
144.777
144.963
145.107
145.18
145.202
145.236
145.296
145.343
145.355
145.315
145.225
145.122
145.018
144.899
144.757
144.587
144.38
144.134
143.864
143.585
143.299
142.999
142.683
142.35
142.002
141.641
141.268
140.883
140.488
140.083
139.668
139.245
138.813
138.373
137.925
137.469
137.006
136.537
136.06
135.577
135.087
134.592
134.09
133.582
133.068
132.548
132.023
131.492
130.956
130.414
129.867
129.314
128.756
128.193
127.625
127.051
126.473
125.889
125.299
124.705
124.105
123.5
122.891
122.275
121.655
121.029
120.398
119.762
119.121
118.474
117.822
117.165
116.502
115.835
115.161
114.483
113.798
113.109
112.413
111.713
111.006
110.294
109.576
108.853
108.124
107.389
106.649
105.903
105.15
104.392
103.628
102.858
102.081
101.299
100.511
99.7159
98.9151
98.1079
97.2944
96.4745
95.6483
94.8157
93.9766
93.1309
92.2786
91.4197
90.5541
89.6817
88.8026
87.9167
87.0238
86.1243
85.2173
84.3042
83.3828
82.4559
81.5202
80.5785
79.6291
78.6708
77.7077
76.7316
75.7505
74.7565
73.7478
72.7292
71.6843
70.6186
69.5219
150.969
150.437
149.914
149.329
148.748
148.133
147.761
147.252
146.762
146.264
145.858
145.421
144.909
144.383
143.915
143.536
143.105
142.604
142.151
141.669
141.24
140.972
140.68
140.397
140.212
139.951
139.669
139.533
139.51
139.572
139.633
139.579
139.603
139.909
140.281
140.496
140.672
140.939
141.246
141.544
141.839
142.122
142.426
142.755
143.092
143.452
143.834
144.196
144.47
144.653
144.793
144.923
145.061
145.13
145.058
145.005
145.156
145.384
145.478
145.448
145.368
145.262
145.143
145.014
144.856
144.662
144.439
144.203
143.965
143.728
143.481
143.214
142.923
142.612
142.283
141.938
141.58
141.209
140.828
140.435
140.032
139.62
139.199
138.769
138.331
137.885
137.432
136.971
136.503
136.028
135.547
135.059
134.565
134.064
133.558
133.046
132.528
132.004
131.474
130.939
130.398
129.852
129.301
128.744
128.181
127.614
127.041
126.463
125.88
125.291
124.697
124.098
123.494
122.885
122.27
121.65
121.025
120.394
119.758
119.117
118.471
117.819
117.162
116.5
115.832
115.159
114.48
113.796
113.107
112.412
111.711
111.005
110.293
109.575
108.852
108.123
107.389
106.648
105.902
105.15
104.392
103.627
102.857
102.081
101.299
100.511
99.7159
98.9151
98.108
97.2945
96.4748
95.6487
94.8161
93.9771
93.1315
92.2793
91.4205
90.555
89.6829
88.804
87.9183
87.0257
86.1267
85.22
84.3078
83.387
82.4615
81.5267
80.5871
79.6394
78.684
77.7245
76.752
75.7775
74.7889
73.7892
72.7803
71.745
70.692
69.6048
152.127
151.591
151.053
150.519
149.975
149.452
148.975
148.427
147.962
147.495
146.989
146.51
146.029
145.508
145.074
144.672
144.256
143.855
143.395
142.905
142.534
142.248
142.005
141.809
141.567
141.306
141.123
141.01
140.987
141.023
141.005
140.984
141.025
141.099
141.232
141.415
141.558
141.704
141.957
142.275
142.556
142.825
143.154
143.479
143.719
143.895
144.084
144.293
144.486
144.674
144.86
145.044
145.205
145.23
145.162
145.213
145.342
145.393
145.37
145.313
145.216
145.09
144.987
144.907
144.772
144.563
144.327
144.089
143.84
143.584
143.33
143.078
142.819
142.539
142.233
141.9
141.546
141.175
140.791
140.395
139.991
139.578
139.156
138.727
138.29
137.845
137.394
136.934
136.468
135.995
135.516
135.03
134.537
134.039
133.534
133.023
132.506
131.984
131.456
130.922
130.382
129.837
129.286
128.731
128.169
127.603
127.031
126.453
125.871
125.283
124.689
124.091
123.487
122.879
122.264
121.645
121.02
120.39
119.754
119.113
118.467
117.816
117.159
116.497
115.83
115.157
114.478
113.795
113.105
112.41
111.71
111.004
110.292
109.574
108.851
108.123
107.388
106.648
105.901
105.149
104.391
103.627
102.857
102.081
101.299
100.51
99.716
98.9152
98.1081
97.2948
96.4751
95.649
94.8166
93.9776
93.1321
92.28
91.4213
90.556
89.6841
88.8054
87.92
87.0276
86.1291
85.2229
84.3115
83.3913
82.4673
81.5333
80.596
79.6497
78.6976
77.7412
76.7729
75.8052
74.8223
73.8332
72.8343
71.811
70.7725
69.6968
153.411
152.9
152.321
151.656
151.075
150.638
150.077
149.459
148.896
148.475
148.094
147.651
147.208
146.76
146.262
145.863
145.558
145.163
144.738
144.322
143.888
143.608
143.473
143.254
142.973
142.742
142.509
142.343
142.338
142.329
142.228
142.173
142.181
142.23
142.4
142.59
142.66
142.728
142.9
143.086
143.218
143.365
143.553
143.746
143.915
144.106
144.364
144.61
144.771
144.892
144.993
145.048
145.085
145.156
145.245
145.286
145.279
145.293
145.323
145.318
145.256
145.151
145.049
144.959
144.849
144.698
144.483
144.201
143.88
143.57
143.29
143.024
142.748
142.45
142.132
141.795
141.445
141.081
140.707
140.321
139.925
139.519
139.103
138.679
138.246
137.804
137.355
136.898
136.434
135.963
135.486
135.001
134.511
134.014
133.51
133.001
132.486
131.964
131.437
130.905
130.366
129.822
129.273
128.718
128.158
127.592
127.021
126.444
125.862
125.274
124.682
124.084
123.481
122.873
122.259
121.64
121.015
120.385
119.75
119.11
118.464
117.813
117.156
116.495
115.827
115.154
114.476
113.793
113.103
112.409
111.708
111.002
110.291
109.573
108.85
108.122
107.387
106.647
105.901
105.149
104.391
103.627
102.857
102.081
101.299
100.51
99.7158
98.9151
98.1081
97.2948
96.4752
95.6493
94.8169
93.978
93.1326
92.2806
91.422
90.5569
89.6851
88.8066
87.9215
87.0294
86.1313
85.2256
84.315
83.3955
82.473
81.5396
80.6051
79.6596
78.7118
77.7578
76.795
75.8339
74.8577
73.8814
72.8932
71.8862
70.8654
69.8049
154.527
153.96
153.247
152.614
152.077
151.517
150.992
150.49
149.946
149.485
149.085
148.675
148.211
147.724
147.281
146.873
146.517
146.193
145.768
145.281
144.912
144.644
144.415
144.239
144
143.66
143.423
143.348
143.281
143.22
143.184
143.074
142.988
143.083
143.218
143.224
143.214
143.3
143.434
143.578
143.731
143.882
144.057
144.262
144.434
144.565
144.699
144.822
144.895
144.949
145.034
145.137
145.205
145.242
145.286
145.34
145.4
145.424
145.386
145.32
145.24
145.139
145.006
144.838
144.649
144.449
144.243
144.04
143.845
143.636
143.397
143.126
142.827
142.506
142.168
141.817
141.453
141.079
140.694
140.301
139.9
139.49
139.072
138.647
138.214
137.773
137.325
136.869
136.407
135.937
135.461
134.978
134.488
133.993
133.491
132.982
132.468
131.948
131.422
130.891
130.353
129.81
129.262
128.707
128.148
127.583
127.012
126.436
125.854
125.268
124.676
124.078
123.476
122.868
122.254
121.635
121.011
120.382
119.747
119.107
118.461
117.81
117.154
116.492
115.825
115.153
114.475
113.791
113.102
112.407
111.707
111.001
110.29
109.573
108.85
108.121
107.387
106.646
105.9
105.148
104.39
103.626
102.856
102.08
101.298
100.51
99.7158
98.9151
98.1082
97.295
96.4754
95.6496
94.8173
93.9784
93.1331
92.2812
91.4227
90.5577
89.6861
88.8078
87.9229
87.0312
86.1334
85.2283
84.3182
83.3995
82.4781
81.5456
80.6137
79.6687
78.7259
77.7727
76.8171
75.8607
74.8929
73.9299
72.9535
71.9667
70.9669
69.9274
155.366
154.766
154.147
153.499
152.859
152.344
151.872
151.33
150.785
150.291
149.815
149.364
148.934
148.472
148.002
147.619
147.282
146.905
146.491
146.054
145.657
145.39
145.214
145.013
144.737
144.438
144.194
144.049
143.992
143.925
143.778
143.634
143.58
143.604
143.667
143.725
143.74
143.777
143.895
144.028
144.112
144.193
144.304
144.4
144.484
144.594
144.705
144.788
144.886
145.02
145.121
145.177
145.259
145.356
145.407
145.423
145.422
145.397
145.358
145.305
145.233
145.145
145.047
144.925
144.752
144.529
144.293
144.058
143.819
143.563
143.29
143.001
142.7
142.386
142.06
141.721
141.371
141.009
140.635
140.251
139.856
139.452
139.038
138.616
138.185
137.746
137.3
136.846
136.385
135.916
135.441
134.959
134.471
133.976
133.475
132.968
132.455
131.936
131.411
130.88
130.343
129.801
129.253
128.699
128.14
127.576
127.005
126.43
125.849
125.262
124.671
124.074
123.472
122.864
122.251
121.632
121.008
120.379
119.744
119.105
118.459
117.809
117.152
116.491
115.824
115.151
114.473
113.79
113.101
112.406
111.706
111
110.289
109.572
108.849
108.12
107.386
106.646
105.9
105.148
104.39
103.626
102.856
102.08
101.298
100.51
99.7157
98.9151
98.1082
97.2951
96.4757
95.6498
94.8176
93.9788
93.1335
92.2816
91.4233
90.5584
89.6869
88.8088
87.924
87.0327
86.135
85.2306
84.3206
83.403
82.4821
81.5507
80.6205
79.6761
78.7377
77.7846
76.8365
75.8822
74.9241
73.9707
73.0079
72.0415
71.0637
70.049
156.053
155.473
154.789
154.092
153.502
152.969
152.433
151.915
151.392
150.855
150.358
149.93
149.514
149.065
148.633
148.249
147.871
147.488
147.078
146.63
146.235
145.963
145.76
145.533
145.248
144.939
144.672
144.518
144.458
144.371
144.22
144.075
143.991
143.996
144.056
144.065
144.02
144.014
144.075
144.161
144.246
144.319
144.406
144.531
144.655
144.752
144.861
144.981
145.056
145.09
145.144
145.242
145.333
145.375
145.407
145.472
145.502
145.463
145.399
145.325
145.238
145.131
145.001
144.847
144.663
144.461
144.259
144.055
143.835
143.588
143.318
143.029
142.723
142.403
142.07
141.724
141.367
140.999
140.621
140.234
139.837
139.432
139.018
138.596
138.165
137.727
137.281
136.828
136.368
135.901
135.426
134.945
134.458
133.964
133.464
132.957
132.445
131.926
131.402
130.871
130.335
129.793
129.246
128.693
128.134
127.57
127
126.425
125.845
125.259
124.667
124.071
123.468
122.861
122.248
121.629
121.006
120.377
119.743
119.103
118.458
117.807
117.151
116.49
115.823
115.15
114.472
113.789
113.1
112.406
111.706
111
110.289
109.571
108.849
108.12
107.386
106.646
105.9
105.148
104.39
103.626
102.856
102.08
101.298
100.51
99.7157
98.9151
98.1083
97.2952
96.4759
95.6501
94.8178
93.9791
93.1338
92.282
91.4237
90.559
89.6876
88.8097
87.9249
87.034
86.1362
85.2326
84.3224
83.4062
82.4848
81.5555
80.6253
79.6828
78.7469
77.7944
76.853
75.8993
74.9517
74.0042
73.0563
72.1074
71.1557
70.1672
156.607
155.988
155.319
154.677
154.05
153.453
152.921
152.402
151.86
151.329
150.842
150.386
149.95
149.53
149.109
148.69
148.298
147.903
147.471
147.042
146.664
146.364
146.14
145.917
145.625
145.306
145.042
144.871
144.777
144.681
144.522
144.343
144.235
144.223
144.246
144.228
144.178
144.169
144.237
144.337
144.416
144.479
144.559
144.648
144.723
144.792
144.863
144.926
144.991
145.074
145.177
145.275
145.348
145.397
145.433
145.454
145.437
145.395
145.355
145.31
145.243
145.153
145.041
144.905
144.734
144.532
144.311
144.078
143.829
143.563
143.282
142.987
142.68
142.361
142.03
141.688
141.334
140.969
140.595
140.21
139.815
139.412
138.999
138.578
138.149
137.712
137.267
136.815
136.355
135.889
135.415
134.935
134.448
133.954
133.455
132.949
132.437
131.919
131.395
130.865
130.329
129.788
129.241
128.688
128.13
127.566
126.997
126.422
125.841
125.256
124.665
124.068
123.466
122.859
122.246
121.628
121.004
120.375
119.741
119.102
118.456
117.806
117.15
116.489
115.822
115.149
114.472
113.788
113.099
112.405
111.705
110.999
110.288
109.571
108.848
108.12
107.385
106.645
105.899
105.148
104.39
103.626
102.856
102.08
101.298
100.51
99.7157
98.9152
98.1084
97.2954
96.476
95.6503
94.818
93.9793
93.134
92.2823
91.4241
90.5595
89.6881
88.8104
87.9256
87.0351
86.137
85.2344
84.3235
83.4092
82.4865
81.5599
80.6285
79.6888
78.7535
77.8027
76.866
75.9135
74.9747
74.0318
73.099
72.1635
71.242
70.2808
156.983
156.387
155.735
155.055
154.4
153.82
153.28
152.741
152.215
151.711
151.217
150.749
150.325
149.905
149.468
149.047
148.635
148.215
147.796
147.371
146.974
146.663
146.421
146.179
145.895
145.581
145.3
145.105
144.977
144.852
144.687
144.51
144.387
144.356
144.368
144.351
144.306
144.293
144.337
144.406
144.462
144.504
144.562
144.642
144.721
144.793
144.871
144.961
145.049
145.131
145.214
145.291
145.349
145.383
145.401
145.415
145.421
145.413
145.386
145.338
145.263
145.158
145.026
144.869
144.687
144.486
144.27
144.041
143.796
143.535
143.259
142.968
142.664
142.346
142.016
141.674
141.32
140.955
140.581
140.196
139.802
139.399
138.987
138.566
138.137
137.701
137.256
136.805
136.346
135.88
135.406
134.927
134.44
133.947
133.448
132.943
132.431
131.914
131.39
130.86
130.325
129.784
129.237
128.685
128.127
127.563
126.994
126.419
125.839
125.253
124.663
124.066
123.464
122.857
122.244
121.626
121.003
120.374
119.74
119.101
118.456
117.805
117.149
116.488
115.821
115.149
114.471
113.788
113.099
112.405
111.705
110.999
110.288
109.571
108.848
108.12
107.385
106.645
105.899
105.147
104.39
103.626
102.856
102.08
101.298
100.51
99.7157
98.9152
98.1085
97.2955
96.4762
95.6504
94.8182
93.9795
93.1342
92.2826
91.4244
90.5599
89.6885
88.811
87.9261
87.036
86.1377
85.2359
84.3243
83.4117
82.4875
81.5641
80.6302
79.6948
78.7576
77.8107
76.8751
75.9257
74.9926
74.0552
73.1344
72.2121
71.3209
70.3876
157.316
156.726
156.055
155.372
154.736
154.141
153.577
153.044
152.526
152.01
151.511
151.044
150.6
150.157
149.72
149.289
148.864
148.452
148.042
147.627
147.243
146.912
146.63
146.362
146.067
145.751
145.468
145.255
145.104
144.965
144.798
144.619
144.481
144.414
144.395
144.368
144.324
144.314
144.366
144.439
144.495
144.54
144.596
144.66
144.723
144.793
144.877
144.968
145.057
145.141
145.218
145.278
145.318
145.347
145.37
145.386
145.388
145.374
145.344
145.296
145.224
145.125
145.002
144.854
144.683
144.489
144.275
144.044
143.796
143.532
143.252
142.959
142.652
142.333
142.002
141.66
141.306
140.942
140.568
140.184
139.791
139.388
138.976
138.556
138.128
137.692
137.249
136.797
136.339
135.873
135.4
134.921
134.435
133.942
133.443
132.938
132.427
131.91
131.386
130.857
130.322
129.781
129.234
128.682
128.124
127.561
126.992
126.417
125.837
125.252
124.661
124.065
123.463
122.856
122.243
121.625
121.002
120.374
119.739
119.1
118.455
117.805
117.149
116.488
115.821
115.149
114.471
113.787
113.099
112.404
111.704
110.999
110.288
109.571
108.848
108.119
107.385
106.645
105.899
105.147
104.389
103.626
102.856
102.08
101.298
100.51
99.7157
98.9152
98.1086
97.2956
96.4763
95.6506
94.8183
93.9796
93.1344
92.2828
91.4247
90.5602
89.6888
88.8114
87.9266
87.0366
86.1382
85.2371
84.3249
83.4138
82.4881
81.5677
80.6311
79.7005
78.7598
77.8185
76.8812
75.9368
75.0058
74.0756
73.1622
72.2552
71.3894
70.4889
157.533
156.929
156.263
155.597
154.95
154.343
153.792
153.268
152.749
152.239
151.748
151.275
150.817
150.371
149.93
149.49
149.059
148.638
148.219
147.811
147.426
147.075
146.761
146.463
146.158
145.85
145.568
145.341
145.164
145.002
144.831
144.659
144.52
144.441
144.402
144.365
144.331
144.334
144.379
144.436
144.486
144.529
144.576
144.629
144.689
144.753
144.822
144.894
144.973
145.062
145.153
145.234
145.3
145.342
145.362
145.368
145.367
145.359
145.339
145.3
145.233
145.134
145.004
144.849
144.669
144.469
144.253
144.02
143.772
143.51
143.232
142.941
142.637
142.32
141.99
141.649
141.296
140.933
140.559
140.176
139.783
139.38
138.969
138.55
138.122
137.686
137.243
136.792
136.334
135.868
135.396
134.917
134.431
133.939
133.44
132.935
132.424
131.907
131.384
130.854
130.319
129.779
129.232
128.68
128.123
127.559
126.99
126.416
125.836
125.251
124.66
124.064
123.462
122.855
122.243
121.625
121.002
120.373
119.739
119.099
118.454
117.804
117.148
116.487
115.821
115.148
114.471
113.787
113.099
112.404
111.704
110.999
110.287
109.57
108.848
108.119
107.385
106.645
105.899
105.147
104.389
103.626
102.856
102.08
101.298
100.51
99.7158
98.9153
98.1086
97.2957
96.4764
95.6507
94.8185
93.9798
93.1346
92.283
91.4249
90.5604
89.6891
88.8118
87.9269
87.0372
86.1387
85.238
84.3255
83.4155
82.4887
81.5706
80.6317
79.7052
78.7613
77.8256
76.8851
75.9476
75.0148
74.0936
73.1827
72.2927
71.4448
70.583
157.658
157.057
156.417
155.764
155.132
154.551
154.01
153.485
152.969
152.462
151.962
151.473
150.999
150.536
150.078
149.63
149.191
148.761
148.344
147.937
147.547
147.183
146.845
146.525
146.214
145.913
145.64
145.406
145.204
145.015
144.828
144.648
144.502
144.4
144.334
144.294
144.284
144.305
144.353
144.411
144.465
144.512
144.555
144.6
144.65
144.708
144.778
144.864
144.96
145.056
145.143
145.216
145.271
145.305
145.325
145.335
145.336
145.328
145.305
145.261
145.191
145.091
144.965
144.814
144.642
144.449
144.237
144.009
143.764
143.502
143.226
142.935
142.63
142.313
141.984
141.642
141.29
140.927
140.553
140.17
139.777
139.375
138.964
138.545
138.118
137.682
137.239
136.788
136.33
135.865
135.393
134.914
134.428
133.936
133.438
132.933
132.422
131.905
131.382
130.853
130.318
129.777
129.231
128.679
128.122
127.558
126.99
126.415
125.835
125.25
124.66
124.063
123.462
122.855
122.242
121.625
121.001
120.373
119.739
119.099
118.454
117.804
117.148
116.487
115.82
115.148
114.47
113.787
113.098
112.404
111.704
110.999
110.287
109.57
108.848
108.119
107.385
106.645
105.899
105.147
104.39
103.626
102.856
102.08
101.298
100.51
99.7159
98.9154
98.1088
97.2958
96.4766
95.6508
94.8186
93.9799
93.1347
92.2832
91.4251
90.5607
89.6894
88.8121
87.9273
87.0376
86.1391
85.2386
84.326
83.4165
82.4893
81.5725
80.6325
79.7084
78.7627
77.8308
76.8879
75.9562
75.0205
74.1093
73.1961
72.3232
71.4839
70.6636
157.714
157.089
156.462
155.853
155.269
154.706
154.162
153.632
153.109
152.593
152.085
151.59
151.108
150.638
150.178
149.728
149.29
148.865
148.453
148.049
147.657
147.279
146.914
146.563
146.231
145.927
145.658
145.422
145.21
145.013
144.825
144.651
144.503
144.385
144.303
144.26
144.254
144.279
144.326
144.382
144.438
144.486
144.528
144.571
144.622
144.682
144.751
144.825
144.908
144.996
145.088
145.177
145.247
145.296
145.32
145.325
145.322
145.311
145.288
145.247
145.181
145.085
144.961
144.81
144.636
144.443
144.231
144.002
143.756
143.495
143.219
142.928
142.625
142.308
141.979
141.638
141.286
140.923
140.55
140.167
139.774
139.373
138.962
138.543
138.115
137.68
137.237
136.786
136.328
135.863
135.391
134.913
134.427
133.935
133.437
132.932
132.421
131.904
131.381
130.852
130.317
129.777
129.231
128.679
128.121
127.558
126.989
126.415
125.835
125.25
124.659
124.063
123.461
122.854
122.242
121.624
121.001
120.373
119.739
119.099
118.454
117.804
117.148
116.487
115.82
115.148
114.47
113.787
113.098
112.404
111.704
110.999
110.287
109.57
108.848
108.119
107.385
106.645
105.899
105.147
104.39
103.626
102.856
102.08
101.298
100.51
99.7159
98.9154
98.1088
97.2959
96.4766
95.6508
94.8186
93.9799
93.1348
92.2832
91.4251
90.5607
89.6895
88.8121
87.9274
87.0377
86.1393
85.2388
84.3263
83.4169
82.4897
81.5733
80.6331
79.7099
78.7635
77.8336
76.8896
75.9611
75.0238
74.1188
73.2033
72.3441
71.5061
70.7217
157.739
157.111
156.519
155.951
155.392
154.837
154.288
153.746
153.212
152.686
152.172
151.669
151.179
150.702
150.236
149.782
149.342
148.915
148.5
148.096
147.702
147.318
146.943
146.585
146.251
145.949
145.678
145.434
145.213
145.009
144.82
144.647
144.498
144.379
144.294
144.25
144.243
144.266
144.309
144.362
144.418
144.469
144.515
144.56
144.611
144.671
144.741
144.822
144.912
145.002
145.088
145.168
145.231
145.274
145.299
145.311
145.312
145.303
145.281
145.239
145.17
145.073
144.949
144.799
144.628
144.436
144.226
143.998
143.754
143.494
143.218
142.927
142.623
142.307
141.977
141.637
141.284
140.922
140.548
140.166
139.773
139.371
138.961
138.542
138.114
137.679
137.236
136.786
136.328
135.863
135.391
134.912
134.426
133.934
133.436
132.931
132.42
131.904
131.381
130.852
130.317
129.776
129.23
128.678
128.121
127.558
126.989
126.415
125.835
125.25
124.659
124.063
123.461
122.854
122.242
121.624
121.001
120.372
119.738
119.099
118.454
117.804
117.148
116.487
115.82
115.148
114.47
113.787
113.098
112.404
111.704
110.998
110.287
109.57
108.848
108.119
107.385
106.645
105.899
105.147
104.389
103.626
102.856
102.08
101.298
100.51
99.7156
98.9152
98.1085
97.2956
96.4764
95.6506
94.8184
93.9797
93.1345
92.283
91.4249
90.5605
89.6893
88.812
87.9272
87.0376
86.1393
85.2387
84.3264
83.4169
82.4899
81.5734
80.6334
79.7104
78.7639
77.8348
76.8902
75.9634
75.0253
74.1232
73.2066
72.355
71.5148
70.7586
157.744
157.15
156.584
156.019
155.454
154.892
154.335
153.786
153.246
152.718
152.201
151.696
151.205
150.726
150.261
149.808
149.368
148.941
148.524
148.118
147.721
147.334
146.958
146.6
146.267
145.964
145.692
145.446
145.224
145.02
144.833
144.663
144.517
144.399
144.315
144.268
144.257
144.276
144.314
144.363
144.416
144.467
144.513
144.56
144.613
144.673
144.742
144.82
144.906
144.996
145.083
145.162
145.228
145.275
145.301
145.313
145.313
145.302
145.277
145.233
145.164
145.068
144.945
144.797
144.626
144.434
144.224
143.996
143.752
143.491
143.216
142.926
142.622
142.305
141.976
141.635
141.283
140.921
140.548
140.165
139.772
139.37
138.96
138.541
138.114
137.679
137.235
136.785
136.327
135.862
135.39
134.911
134.426
133.934
133.435
132.931
132.42
131.903
131.38
130.851
130.317
129.776
129.23
128.678
128.12
127.557
126.988
126.414
125.834
125.249
124.658
124.062
123.461
122.854
122.241
121.624
121.001
120.372
119.738
119.098
118.454
117.803
117.148
116.486
115.82
115.148
114.47
113.787
113.098
112.404
111.704
110.998
110.287
109.57
108.847
108.119
107.385
106.645
105.899
105.147
104.389
103.625
102.856
102.08
101.298
100.51
99.7154
98.9149
98.1083
97.2954
96.4761
95.6504
94.8182
93.9795
93.1343
92.2828
91.4247
90.5603
89.6891
88.8118
87.9271
87.0374
86.1391
85.2385
84.3263
83.4166
82.4899
81.5732
80.6333
79.7104
78.7638
77.8351
76.8902
75.964
75.0255
74.1243
73.2071
72.3583
71.5156
70.7779
157.819
157.222
156.628
156.042
155.466
154.9
154.342
153.791
153.251
152.722
152.204
151.699
151.207
150.729
150.262
149.809
149.369
148.942
148.526
148.12
147.724
147.338
146.965
146.609
146.277
145.973
145.699
145.453
145.229
145.024
144.837
144.669
144.523
144.407
144.323
144.275
144.263
144.279
144.314
144.362
144.414
144.465
144.512
144.561
144.615
144.676
144.746
144.825
144.909
144.997
145.082
145.16
145.224
145.27
145.299
145.311
145.312
145.301
145.275
145.23
145.161
145.065
144.942
144.794
144.623
144.432
144.222
143.994
143.75
143.49
143.214
142.924
142.62
142.304
141.975
141.634
141.282
140.919
140.547
140.164
139.771
139.37
138.959
138.54
138.113
137.678
137.235
136.784
136.326
135.861
135.389
134.911
134.425
133.933
133.435
132.93
132.419
131.903
131.38
130.851
130.316
129.775
129.229
128.677
128.12
127.557
126.988
126.414
125.834
125.249
124.658
124.062
123.46
122.853
122.241
121.623
121
120.372
119.737
119.098
118.453
117.803
117.147
116.486
115.819
115.147
114.469
113.786
113.098
112.403
111.703
110.998
110.287
109.57
108.847
108.119
107.384
106.644
105.898
105.146
104.389
103.625
102.855
102.079
101.298
100.509
99.7151
98.9147
98.1081
97.2952
96.4759
95.6502
94.8179
93.9792
93.1341
92.2826
91.4246
90.5601
89.6889
88.8116
87.9269
87.0372
86.139
85.2383
84.3262
83.4165
82.4897
81.5731
80.6331
79.7105
78.7634
77.8353
76.8897
75.9642
75.0251
74.1246
73.2064
72.3591
71.5135
70.7818
69.9458
68.8131
67.4627
65.9285
64.2816
62.5603
60.7815
58.942
57.0417
55.051
52.972
50.7645
48.4523
45.9725
43.3619
40.5526
37.5654
34.3686
30.9165
27.23
23.2337
18.8767
14.2353
8.96757
3.42379
69.8561
68.7335
67.3686
65.84
64.2007
62.4883
60.7167
58.8809
56.9818
54.9904
52.9108
50.703
48.3904
45.9105
43.2986
40.4896
37.5
34.3037
30.849
27.1624
23.1642
18.8066
14.1636
8.90117
3.36221
69.6339
68.5458
67.2076
65.7112
64.1044
62.4148
60.6573
58.8287
56.9332
54.9429
52.8638
50.6544
48.3416
45.86
43.2479
40.4371
37.4469
34.2502
30.7937
27.1075
23.1075
18.7496
14.107
8.85172
3.35904
69.4155
68.3447
67.045
65.5759
63.9923
62.3236
60.5828
58.766
56.8766
54.8887
52.8108
50.6026
48.2903
45.8084
43.1966
40.386
37.3956
34.1992
30.7412
27.0554
23.0524
18.6956
14.0507
8.81086
3.3294
69.2282
68.1514
66.8845
65.4424
63.8833
62.2342
60.5089
58.704
56.8225
54.838
52.7616
50.5531
48.2406
45.7567
43.1447
40.332
37.3421
34.1447
30.6867
27.002
22.997
18.6443
13.996
8.77958
3.31626
69.0691
67.9807
66.7341
65.3196
63.7823
62.1478
60.4357
58.6426
56.7684
54.7865
52.7117
50.5035
48.1919
45.7071
43.0965
40.283
37.2946
34.096
30.6385
26.9536
22.9459
18.5984
13.9441
8.75699
3.31341
68.9321
67.8302
66.5933
65.202
63.6843
62.0642
60.3633
58.5804
56.7138
54.7356
52.6631
50.4557
48.1455
45.6596
43.0495
40.2338
37.2459
34.0455
30.588
26.9028
22.8937
18.5504
13.8921
8.73377
3.30871
68.8095
67.6967
66.4638
65.09
63.5909
61.9849
60.2936
58.5197
56.661
54.6869
52.6162
50.4095
48.0997
45.613
43.0031
40.1864
37.1991
33.9975
30.5401
26.8549
22.8441
18.5053
13.8446
8.71136
3.30575
68.6991
67.5783
66.3455
64.984
63.5023
61.9098
60.2272
58.4606
56.6089
54.639
52.5704
50.3646
48.056
45.5693
42.96
40.1425
37.1551
33.9532
30.4944
26.8101
22.797
18.4626
13.8005
8.68899
3.30266
68.5997
67.4708
66.2379
64.8853
63.4178
61.8384
60.164
58.4035
56.5583
54.5933
52.5269
50.3221
48.014
45.5273
42.918
40.0997
37.1122
33.9095
30.4498
26.7662
22.7511
18.4211
13.759
8.666
3.29874
68.5089
67.3733
66.1405
64.7935
63.3374
61.7705
60.1045
58.3491
56.5093
54.549
52.4849
50.2812
47.9738
45.4878
42.8786
40.0604
37.0726
33.8697
30.409
26.7261
22.7091
18.3831
13.7217
8.64482
3.29679
68.4269
67.2849
66.0516
64.7088
63.2619
61.7063
60.0482
58.2973
56.4621
54.5067
52.4452
50.2427
47.9359
45.4503
42.841
40.0225
37.0341
33.8312
30.3688
26.6871
22.6686
18.3462
13.6865
8.62387
3.29382
68.3526
67.2045
65.9705
64.6312
63.191
61.6453
59.9952
58.2489
56.4173
54.4663
52.4072
50.2061
47.8997
45.415
42.8056
39.9874
36.9988
33.7956
30.3325
26.651
22.6314
18.3122
13.6546
8.60442
3.2918
68.2851
67.1318
65.8966
64.56
63.1253
61.588
59.9455
58.2033
56.3748
54.4279
52.3715
50.1719
47.866
45.3821
42.7724
39.9545
36.9648
33.7621
30.2973
26.6168
22.5966
18.2799
13.625
8.5861
3.28969
68.224
67.066
65.8292
64.4951
63.0646
61.5341
59.8987
58.161
56.3351
54.3918
52.3378
50.1398
47.8341
45.3512
42.7412
39.9238
36.9337
33.7309
30.2651
26.5851
22.5643
18.2499
13.5981
8.56896
3.28779
68.1685
67.0068
65.7682
64.436
63.009
61.484
59.8552
58.1219
56.2981
54.3578
52.3062
50.11
47.8046
45.3227
42.7125
39.8955
36.9046
33.702
30.2352
26.5554
22.5345
18.222
13.5733
8.55313
3.28618
68.1184
66.9536
65.7131
64.3824
62.9583
61.4379
59.8149
58.0857
56.264
54.3262
52.277
50.0825
47.7773
45.2964
42.6858
39.8695
36.8777
33.6754
30.2076
26.5279
22.5074
18.1961
13.5508
8.53864
3.2847
68.0734
66.9061
65.6637
64.334
62.9124
61.3956
59.7776
58.0527
56.2329
54.2972
52.25
50.0573
47.7522
45.2723
42.6614
39.8456
36.8533
33.651
30.1826
26.5027
22.4826
18.1725
13.5304
8.52547
3.28386
68.033
66.8634
65.6193
64.2901
62.8704
61.3564
59.7426
58.0214
56.2033
54.2693
52.2237
50.0326
47.7277
45.2484
42.637
39.8216
36.8281
33.6257
30.1561
26.4754
22.4554
18.1455
13.5062
8.50736
3.27693
67.9975
66.8259
65.5803
64.2513
62.8331
61.3215
59.7113
57.9937
56.1772
54.2446
52.2006
50.0111
47.7062
45.2278
42.6157
39.8012
36.8063
33.6046
30.1335
26.4526
22.4333
18.1236
13.4877
8.49563
3.27673
67.9666
66.7934
65.5465
64.2176
62.8007
61.2908
59.6836
57.9692
56.1543
54.2228
52.1801
49.9922
47.6873
45.2097
42.5971
39.7832
36.7874
33.5859
30.1138
26.4325
22.4139
18.1043
13.4715
8.48506
3.27548
67.9404
66.7658
65.5177
64.1889
62.7729
61.2645
59.6597
57.9481
56.1346
54.2041
52.1624
49.976
47.6712
45.1942
42.5811
39.768
36.7711
33.5699
30.097
26.4153
22.3974
18.0879
13.4579
8.47616
3.27461
67.9186
66.7428
65.4939
64.1649
62.7497
61.2424
59.6395
57.9303
56.118
54.1884
52.1476
49.9624
47.6577
45.1814
42.5679
39.7553
36.7577
33.5567
30.0832
26.401
22.3839
18.0743
13.4468
8.46895
3.27392
67.9013
66.7245
65.4748
64.1458
62.731
61.2246
59.6232
57.9158
56.1047
54.1758
52.1356
49.9517
47.647
45.1713
42.5574
39.7454
36.747
33.5463
30.0723
26.3896
22.3733
18.0636
13.4382
8.4634
3.27338
67.8882
66.7107
65.4604
64.1313
62.7169
61.2111
59.6107
57.9048
56.0945
54.1663
52.1267
49.9436
47.639
45.1638
42.5496
39.738
36.7392
33.5386
30.0642
26.3813
22.3656
18.0558
13.432
8.45946
3.27304
67.8795
66.7014
65.4507
64.1214
62.7071
61.2018
59.6021
57.8972
56.0876
54.1599
52.1206
49.9383
47.6338
45.159
42.5445
39.7333
36.7342
33.5336
30.059
26.3758
22.3606
18.0508
13.4282
8.45709
3.27302
67.875
66.6965
65.4455
64.1161
62.7018
61.1967
59.5974
57.893
56.0838
54.1565
52.1176
49.9357
47.6313
45.1567
42.5422
39.7312
36.7319
33.5313
30.0567
26.3733
22.3584
18.0487
13.4267
8.45629
3.2732
67.8748
66.6962
65.4451
64.1155
62.7011
61.196
59.5967
57.8925
56.0835
54.1565
52.1179
49.9362
47.6319
45.1576
42.5431
39.7322
36.733
33.5324
30.058
26.3747
22.36
18.0506
13.4289
8.45864
3.27563
67.8786
66.6999
65.4488
64.1191
62.7044
61.1991
59.5995
57.895
56.086
54.1591
52.1206
49.9389
47.6347
45.1604
42.546
39.735
36.736
33.5352
30.0611
26.3778
22.3629
18.0538
13.4317
8.46074
3.27649
67.8864
66.708
65.4569
64.127
62.712
61.2061
59.606
57.9008
56.0915
54.1647
52.1261
49.9442
47.6401
45.1657
42.5515
39.7402
36.7415
33.5405
30.0667
26.3836
22.3684
18.0595
13.4367
8.46432
3.27789
67.8984
66.7203
65.4694
64.1393
62.7238
61.2173
59.6161
57.9096
56.1
54.1731
52.1345
49.952
47.648
45.1734
42.5595
39.7478
36.7496
33.5483
30.0748
26.392
22.3763
18.0677
13.4437
8.4693
3.27968
67.9146
66.737
65.4863
64.1561
62.7399
61.2324
59.6298
57.9218
56.1115
54.1845
52.1456
49.9625
47.6585
45.1836
42.5701
39.7578
36.7603
33.5586
30.0856
26.403
22.3867
18.0784
13.4529
8.47572
3.28188
67.935
66.758
65.5078
64.1773
62.7601
61.2513
59.6471
57.9372
56.126
54.1988
52.1595
49.9754
47.6715
45.1962
42.5831
39.7702
36.7734
33.5713
30.0988
26.4166
22.3996
18.0916
13.4641
8.48363
3.28462
67.9598
66.7836
65.5341
64.2032
62.7846
61.2742
59.6679
57.9557
56.1436
54.216
52.1761
49.9908
47.687
45.2111
42.5985
39.785
36.789
33.5864
30.1147
26.4327
22.415
18.1072
13.4774
8.49277
3.28734
67.9912
66.8161
65.5675
64.2359
62.8154
61.3031
59.6941
57.9789
56.1658
54.2377
52.197
50.0104
47.7066
45.2302
42.618
39.8037
36.8088
33.6059
30.1351
26.4537
22.4353
18.1279
13.4957
8.50669
3.29415
68.0299
66.8562
65.6087
64.2761
62.8531
61.3381
59.7252
58.0068
56.1925
54.2635
52.2214
50.033
47.7294
45.2521
42.6404
39.8252
36.8309
33.6277
30.1574
26.4764
22.457
18.1494
13.5141
8.5194
3.29796
68.0746
66.9027
65.6564
64.3223
62.8965
61.3781
59.7607
58.0385
56.223
54.2927
52.2489
50.0588
47.7552
45.2768
42.6657
39.8495
36.8565
33.6524
30.1831
26.5021
22.4818
18.1739
13.5352
8.53398
3.30282
68.1256
66.956
65.711
64.3747
62.9456
61.423
59.8003
58.0739
56.2573
54.3252
52.2795
50.0875
47.784
45.3045
42.6938
39.8766
36.8828
33.6797
30.2109
26.5305
22.5094
18.201
13.5586
8.55014
3.30804
68.1832
67.0166
65.7728
64.4336
63.0004
61.4726
59.8438
58.1132
56.2955
54.361
52.313
50.1191
47.8155
45.3349
42.7247
39.9066
36.9163
33.7101
30.2434
26.5619
22.5403
18.2309
13.5849
8.56809
3.31414
68.2481
67.0853
65.8421
64.4992
63.0612
61.5268
59.891
58.1567
56.3375
54.3999
52.3493
50.1537
47.8502
45.3682
42.7585
39.9393
36.9493
33.7432
30.2766
26.5957
22.5741
18.2631
13.6136
8.58756
3.31991
68.3207
67.1626
65.9196
64.5718
63.1277
61.5853
59.9421
58.2042
56.3833
54.4418
52.3884
50.1911
47.8874
45.4041
42.7949
39.975
36.9862
33.7793
30.3147
26.6328
22.6113
18.2986
13.6454
8.60907
3.32721
68.4023
67.2494
66.0054
64.652
63.2
61.6478
59.9971
58.2559
56.4325
54.4864
52.4303
50.2314
47.9276
45.443
42.8342
40.0133
37.0252
33.8181
30.3546
26.6722
22.6514
18.336
13.6796
8.63172
3.3334
68.4938
67.3468
66.1002
64.7396
63.2779
61.7144
60.0559
58.3117
56.4849
54.5336
52.4749
50.2745
47.9703
45.4845
42.876
40.0548
37.0677
33.86
30.3986
26.7151
22.6951
18.3769
13.7177
8.65645
3.34202
68.5967
67.4552
66.2058
64.8352
63.3603
61.7847
60.119
58.3717
56.5401
54.5832
52.5221
50.3206
48.0157
45.5289
42.9205
40.0986
37.1125
33.9047
30.4447
26.7602
22.7419
18.4197
13.758
8.68247
3.35055
68.7199
67.5839
66.3295
64.9452
63.4532
61.8636
60.1908
58.4395
56.6013
54.6386
52.5752
50.3722
48.0666
45.579
42.9707
40.149
37.1635
33.9556
30.4978
26.8119
22.7954
18.469
13.8054
8.71085
3.35946
68.8606
67.7315
66.4684
65.0629
63.5511
61.9481
60.2688
58.5103
56.6651
54.6974
52.6322
50.4282
48.1215
45.6337
43.025
40.2038
37.2177
34.0115
30.556
26.8693
22.8554
18.5242
13.8612
8.74351
3.37264
69.0042
67.8819
66.6035
65.1731
63.6423
62.0278
60.3424
58.5769
56.7238
54.7521
52.6852
50.4803
48.1727
45.6852
43.0762
40.2562
37.2704
34.0651
30.6107
26.9237
22.9119
18.5774
13.9156
8.7739
3.3857
69.1521
68.0351
66.7307
65.2744
63.727
62.1031
60.4105
58.6369
56.777
54.8027
52.7344
50.5288
48.2201
45.7331
43.1232
40.3049
37.3189
34.1151
30.6616
26.9749
22.9645
18.6277
13.9682
8.80166
3.39972
69.3048
68.1876
66.8484
65.3677
63.8054
62.173
60.473
58.691
56.8253
54.8488
52.7792
50.5733
48.2637
45.7777
43.167
40.3501
37.3636
34.1611
30.7076
27.0218
23.0119
18.6734
14.0166
8.82536
3.41015
69.4656
68.3345
66.9565
65.4537
63.8781
62.2373
60.529
58.7392
56.8689
54.8909
52.82
50.6137
48.3031
45.8182
43.2067
40.3919
37.4046
34.2039
30.7503
27.0652
23.056
18.7163
14.0622
8.84838
3.4233
69.6327
68.4705
67.056
65.5331
63.9447
62.2953
60.5789
58.7821
56.9076
54.9284
52.8566
50.6503
48.3389
45.8548
43.2427
40.4288
37.4413
34.2412
30.7881
27.1032
23.095
18.7544
14.1025
8.87141
3.4374
69.8005
68.5931
67.1478
65.6066
64.0052
62.3466
60.6227
58.82
56.9423
54.9621
52.8896
50.6829
48.3713
45.8875
43.2755
40.4622
37.475
34.2753
30.8229
27.1382
23.1311
18.7904
14.1398
8.89687
3.45677
69.9531
68.696
67.2291
65.6716
64.0578
62.3909
60.6605
58.8529
56.9728
54.9919
52.9192
50.7123
48.4006
45.9169
43.3053
40.4923
37.5059
34.3066
30.8552
27.1709
23.1647
18.8243
14.1745
8.92409
3.47944
70.0687
68.7729
67.2941
65.7233
64.0991
62.4262
60.6917
58.8812
56.9999
55.0189
52.9462
50.7392
48.4278
45.9442
43.333
40.5204
37.5346
34.3358
30.8852
27.2013
23.1959
18.8559
14.2068
8.95199
3.50424
70.1458
68.8267
67.342
65.7628
64.1315
62.4547
60.7181
58.9066
57.025
55.044
52.9713
50.7642
48.453
45.9694
43.3586
40.5463
37.561
34.3627
30.9128
27.2295
23.2247
18.8851
14.2365
8.97944
3.52987
70.1958
68.8648
67.3749
65.7865
64.1535
62.4769
60.7401
58.9286
57.0468
55.0658
52.9926
50.7856
48.4739
45.9905
43.3795
40.5677
37.5828
34.3845
30.9356
27.2516
23.2483
18.9081
14.2604
9.00115
3.54845
70.2253
68.8933
67.4009
65.8058
64.1759
62.4988
60.7618
58.95
57.0679
55.0867
53.0132
50.806
48.4943
46.0109
43.4003
40.5887
37.6042
34.4063
30.9579
27.2739
23.2718
18.9312
14.2845
9.02285
3.57178
)
;

boundaryField
{
    inlet
    {
        type            zeroGradient;
    }
    outlet
    {
        type            fixedValue;
        value           uniform 0;
    }
    upperWall
    {
        type            zeroGradient;
    }
    lowerWall
    {
        type            zeroGradient;
    }
    frontAndBack
    {
        type            empty;
    }
}


// ************************************************************************* //
