#           x        0.0254        0.0508        0.0762        0.1016         0.127        0.1524        0.1778
#           y        0.0253        0.0253        0.0253        0.0253        0.0253        0.0253        0.0253
#           z             0             0             0             0             0             0             0
#        Time
        1e-05        143208        129065        116059        103257       90549.1       78529.2       65983.8
        2e-05        -71357      -64284.7      -57782.6      -51382.9      -45031.2      -39022.9      -32751.6
        3e-05      -85.7104      -78.6318       -75.076      -72.1644      -69.2319      -66.6047      -64.0122
        4e-05        23.573       25.4167        25.013       24.1472       23.1856       22.2504        21.272
        5e-05        212.33       196.136       178.758       161.113       143.479       126.768       109.332
        6e-05       16.1397       19.1782       19.8647        20.079       20.1739       20.2196       20.2547
        7e-05       -140.46      -121.467       -106.29      -91.8511      -77.6523       -64.273      -50.3274
        8e-05      -123.951      -106.748      -92.8846      -79.6918      -66.7238      -54.5144      -41.7973
        9e-05      -804.151      -719.691      -643.884      -569.706      -496.213      -426.767      -354.316
       0.0001       1449.14       1311.67       1182.95        1055.7       929.249       809.558       684.576
      0.00011        339.11       311.458       283.924        256.32       228.756       202.589       175.231
      0.00012      -217.777      -190.177      -167.137      -145.004      -123.225       -102.73       -81.411
      0.00013       284.965       262.881       240.245       217.398       194.533       172.798       150.031
      0.00014      -269.546      -236.803      -208.998      -182.189      -155.783      -130.933       -105.09
      0.00015       0.36956       6.22028       9.44757       12.0758       14.4835       16.6342       18.7752
      0.00016       307.143       282.704       258.102       233.338       208.547        184.96       160.226
      0.00017      -449.822      -399.383      -355.202      -312.275      -269.896      -229.962      -188.403
      0.00018       141.644       133.405       123.759        113.71       103.514       93.7172       83.3545
      0.00019      -347.073      -306.675      -271.865      -238.205      -205.045      -173.846      -141.427
       0.0002      -128.464      -110.629      -95.8124      -81.7067      -67.9293      -55.0612      -41.7844
      0.00021       452.738        413.85       375.934       338.027       300.153       264.154       226.418
      0.00022       55.0778       55.3889       53.6355       51.3438       48.8139        46.237       43.3874
      0.00023       391.016       358.094       325.782       293.398       260.997       230.169       197.827
      0.00024      -679.718      -606.806      -541.856      -478.514      -415.911      -356.884      -295.438
      0.00025       36.3315        38.266         38.03       37.2099       36.1331       34.9291       33.4971
      0.00026       273.577       252.624       230.931       208.915       186.775       165.644       143.419
      0.00027      -355.831       -314.86      -279.402      -245.123      -211.381      -179.661      -146.718
      0.00028       463.348       423.054       384.012       344.991       305.987       268.905       230.028
      0.00029       216.803       201.146       184.587       167.668        150.59       134.241       117.011
       0.0003       259.607       239.627       219.141       198.364        177.46       157.498         136.5
      0.00031      -129.953      -111.804      -96.9517      -82.8937      -69.2112      -56.4599      -43.3043
      0.00032       -37.994      -28.4324      -21.9602      -16.2422      -10.8556      -5.94408     -0.968844
      0.00033       72.0318        70.567       67.0223       62.9011       58.5285       54.2135       49.5624
      0.00034      -228.373      -200.246      -176.527      -153.799      -131.518      -110.624      -88.9559
      0.00035      -107.233      -91.3397       -78.695       -66.841      -55.3441      -44.6387      -33.6005
      0.00036      -18.2434       -10.872      -6.30495      -2.44518       1.11055       4.30748       7.51914
      0.00037       238.305       220.455       201.724       182.636       163.412       145.066       125.794
      0.00038       366.656       335.452       305.039       274.557       244.049       215.033       184.631
      0.00039      -435.202      -386.656      -344.213      -303.061      -262.486      -224.261      -184.471
       0.0004        492.91       449.364       407.386       365.485       323.647       283.925       242.355
      0.00041      -6.63924     -0.731381       2.74748       5.59421       8.16492       10.4482       12.7354
      0.00042      -397.987      -353.558      -314.621      -276.858      -239.624      -204.546      -168.027
      0.00043       368.099       336.963       306.266        275.46       244.639       215.354       184.694
      0.00044       29.7095       31.6487       31.7195       31.2725       30.5998       29.8311         28.95
      0.00045       707.431        642.49       580.981       519.904       459.053       401.375       341.093
      0.00046      -1050.13      -941.183      -843.004       -746.93      -651.802      -561.939      -468.213
      0.00047       70.6127       68.0922       64.2168       59.9233       55.4572        51.123       46.5236
      0.00048        378.49       345.852       314.128       282.399       250.696       220.604       189.132
      0.00049       -19.649      -13.0329      -8.57923      -4.67292     -0.999324       2.36748       5.82377
       0.0005       310.342       284.052       258.465       232.838       207.216       182.885       157.437
      0.00051      -247.786      -219.022      -193.907      -169.603      -145.663      -123.116       -99.629
      0.00052      -306.625      -272.081      -241.707       -212.23      -183.151      -155.738      -127.175
      0.00053       1017.75       921.892       832.003       743.038       654.546       570.753       483.241
      0.00054      -64.1967      -53.3379      -44.8347      -36.8991      -29.2027      -22.0101      -14.5382
      0.00055      -243.433      -215.092      -190.446      -166.604      -143.111      -120.973      -97.9099
      0.00056       430.719       392.395       355.773       319.315       282.963       248.501       212.487
      0.00057      -791.587      -709.038      -634.596      -561.738      -489.587      -421.417      -350.296
      0.00058       261.712       239.991       218.609       197.162       175.719       155.363       134.075
      0.00059       364.089       332.301       301.722       271.236       240.824       211.988       181.859
       0.0006      -229.449       -202.72      -179.394      -156.797      -134.514       -113.51      -91.6147
      0.00061       163.432        151.47       139.054       126.439       113.768       101.721       89.1128
      0.00062       293.844       268.993       244.764       220.532       196.334       173.383       149.398
      0.00063       394.118       359.471       326.158       292.971       259.886       228.529       195.771
      0.00064      -197.172      -173.315      -152.912      -133.234      -113.851      -95.5855      -76.5478
      0.00065       228.136       209.586       191.268       172.878       154.491       137.039       118.795
      0.00066       303.397       277.882       252.798       227.685       202.611       178.833       153.991
      0.00067      -360.346      -320.313      -285.118      -250.888      -217.057      -185.121      -151.813
      0.00068       453.461       413.002       374.208        335.61       297.161       260.734       222.678
      0.00069       149.567       139.475       128.386       117.026       105.599       94.7252       83.3471
       0.0007        232.84        214.07       195.359       176.558       157.763       139.926       121.278
      0.00071       89.5236       85.5129       79.8596       73.8288       67.6904       61.8207       55.6657
      0.00072       561.313       510.273        461.73       413.544       365.581       320.154        272.71
      0.00073      -495.637      -441.914      -394.396      -348.073      -302.243      -258.957      -213.798
      0.00074      -242.479      -213.882      -189.486      -165.934      -142.698      -120.776      -97.9254
      0.00075       115.269       108.858       100.796       92.3556       83.8243       75.6976       67.1814
      0.00076      -95.1215      -80.7517      -69.6778      -59.2727       -49.096      -39.5339      -29.5847
      0.00077       538.191       489.998       443.536       397.305       351.268       307.663       262.116
      0.00078      -726.226      -649.714      -581.298      -514.411      -448.166      -385.567      -320.253
      0.00079       380.138       347.805        315.63       283.411       251.277        220.82       188.991
       0.0008      -12.2981      -5.83907      -2.26755      0.719176       3.52714       6.11822       8.79425
      0.00081      -1034.74      -927.454      -831.091      -736.751      -643.266        -554.9      -462.696
      0.00082      -98.5155      -83.8714      -72.6799      -62.1749       -51.894      -42.2259      -32.1767
      0.00083      -528.693      -471.551      -421.222      -372.174      -323.638       -277.79      -229.968
      0.00084        197.09       182.657       167.029       151.125       135.191       120.063       104.235
      0.00085       659.218       599.019        541.49       484.374       427.545       373.734       317.539
      0.00086        297.86       273.232       248.574       223.853       199.179       175.776       151.322
      0.00087      -442.098      -393.477      -350.958      -309.586      -268.668      -230.026      -189.721
      0.00088      -10.9649      -4.86938      -1.59171       1.12688       3.67866       6.03523       8.45812
      0.00089       399.185       364.895        330.97       297.056       263.245       231.206       197.731
       0.0009      -429.407      -382.234      -340.893      -300.652       -260.85      -223.263      -184.059
      0.00091      -421.184       -374.01      -333.463      -294.143      -255.277      -218.579      -180.312
      0.00092        163.49       152.045       139.414       126.523       113.592       101.303       88.4422
      0.00093       460.005       419.333       379.841       340.509       301.336       264.225       225.458
      0.00094       594.818       541.428       489.778       438.403       387.256       338.814       288.221
      0.00095      -877.177      -785.622      -703.606      -623.338      -543.809      -468.643      -390.218
      0.00096      -637.898      -570.345      -510.267      -451.572      -393.442      -338.514      -281.217
      0.00097       843.979        765.67       691.207       617.399       543.997       474.504       401.929
      0.00098      -141.164      -122.195       -107.03      -92.5785      -78.3768      -65.0065      -51.0791
      0.00099      -62.6174       -51.764      -43.8541      -36.5089       -29.349      -22.6365      -15.6654
        0.001      -590.267      -526.893      -471.046      -416.574      -362.652      -311.712      -258.577
      0.00101       727.665       660.367       596.423       533.051        470.02       410.339       348.007
      0.00102       12.5319        16.152       17.3163       18.0135       18.5671        19.027       19.4786
      0.00103        459.29        418.69       379.211       339.904       300.757       263.669       224.922
      0.00104      -290.627      -257.118      -228.446      -200.665      -173.225      -147.335      -120.342
      0.00105      -39.4274      -30.8325      -25.0665      -19.8342      -14.7716      -10.0425      -5.14216
      0.00106      -109.719      -94.0305      -81.8576      -70.3314      -59.0288      -48.4027      -37.3492
      0.00107       197.772       182.574       166.777       150.842       134.905       119.774       103.946
      0.00108        285.73       262.279       238.559       214.768       191.019       168.493       144.947
      0.00109      -133.159      -115.196      -100.862      -87.1925      -73.7626      -61.1262      -47.9727
       0.0011        703.13       638.259       576.588       515.468       454.676       397.112       336.988
      0.00111      -49.5943      -40.0206      -33.2337      -26.9642      -20.8725      -15.1769      -9.26076
      0.00112      -42.4476      -33.4794      -27.4125      -21.8799      -16.5228      -11.5199      -6.33572
      0.00113       10.5207       14.0891       15.3239       16.1234       16.7885       17.3556       17.9116
      0.00114      -183.285      -160.814      -141.996       -123.85      -105.961      -89.1043      -71.5469
      0.00115       25.1944       27.1316       26.9938        26.466        25.817       25.1434        24.406
      0.00116       254.461       233.842       212.909       191.902       170.925       151.023       130.215
      0.00117       313.554       287.126       260.861       234.611       208.429         183.6       157.647
      0.00118      -312.634      -277.116      -246.503      -216.778      -187.406      -159.691      -130.795
      0.00119      -747.226       -668.88      -598.885      -530.397      -462.549      -398.439      -331.561
       0.0012       1307.61       1182.61       1065.91       950.682       836.193       727.832       614.696
      0.00121       -189.03       -165.24      -145.723      -126.983      -108.527       -91.136       -73.013
      0.00122      -559.367      -499.597      -446.641      -394.919      -343.712      -295.341      -244.888
      0.00123      -82.9255      -70.1964      -60.5684      -51.5114      -42.6523       -34.333      -25.6907
      0.00124       178.669       165.533       151.442       137.158       122.856       109.266       95.0483
      0.00125      -880.764      -789.381      -707.245      -626.783      -547.044      -471.684      -393.055
      0.00126       322.302       295.019       267.783       240.541       213.372        187.61       160.678
      0.00127       225.012       207.413       189.139       170.733       152.332        134.86       116.589
      0.00128        530.91       483.042        436.99       391.244       345.711        302.58       257.529
      0.00129       37.7093        38.755       37.5508       35.9333       34.1873        32.468       30.6417
       0.0013       163.988       152.073        139.32       126.393       113.441       101.127       88.2411
      0.00131        126.26       118.903       109.636       100.022       90.3316       81.0981       71.4287
      0.00132      -270.594      -239.291      -212.554      -186.651      -161.075      -136.948      -111.797
      0.00133       304.744       279.419       253.872        228.27       202.722       178.493       153.167
      0.00134      -14.8362      -8.63808      -5.10729      -2.06687       0.81499       3.47208       6.21498
      0.00135       312.838       286.445       260.174       233.906       207.706       182.861       156.897
      0.00136      -572.791      -511.798      -457.613      -404.667      -352.243      -302.719      -251.055
      0.00137      -24.8902      -17.6526      -13.3095      -9.49569      -5.84722      -2.46045         1.038
      0.00138      -245.635      -216.671      -192.245      -168.639      -145.343      -123.376      -100.478
      0.00139       784.485       711.746       642.605       574.099       505.966       441.456       374.087
       0.0014      -50.1334      -40.0474      -33.2462      -27.0375      -21.0243      -15.4052      -9.56326
      0.00141       31.9642       33.5107       32.7464       31.5555        30.239       28.9297        27.533
      0.00142       131.396       123.178        113.39       103.309       93.1671       83.5117       73.4035
      0.00143       263.717       242.202       220.392       198.516       176.673       155.951       134.294
      0.00144      -169.591      -147.723      -130.125      -113.297      -96.7413      -81.1498      -64.9056
      0.00145      -467.591      -416.779      -372.208      -328.762      -285.773      -245.176      -202.832
      0.00146       797.021       723.111       652.808       583.145       513.863       448.266       379.762
      0.00147      -363.535      -322.869      -287.641      -253.393      -219.536      -187.575      -154.237
      0.00148      -428.825      -381.894      -340.876      -300.921      -261.394       -224.07      -185.142
      0.00149       695.584       631.868       570.781       510.164       449.857       392.749       333.108
       0.0015       104.801       99.2656       91.9435       84.3024       76.5804       69.2098       61.4949
      0.00151      -230.048      -202.727      -179.708      -157.463      -135.514      -114.819      -93.2426
      0.00152      -311.524      -275.925       -245.54      -216.084      -186.987      -159.528      -130.896
      0.00153       188.582       174.626       159.563         144.3        129.02       114.507       99.3303
      0.00154       107.625        101.64       93.9771       86.0169       77.9843        70.324       62.3014
      0.00155       618.271       561.892        507.86       454.248       400.904       350.387       297.632
      0.00156      -394.394      -351.023       -313.05      -276.043      -239.436      -204.871       -168.81
      0.00157       246.093        226.68        206.41       185.992       165.591       146.231       125.995
      0.00158       40.0656        40.603       39.0735       37.1799       35.1764        33.218       31.1495
      0.00159      -407.643      -362.721      -323.603      -285.515      -247.843       -212.27      -175.164
       0.0016       1175.61       1064.18       959.472       855.973       753.113       655.756       554.113
      0.00161      -265.903      -234.474      -208.061      -182.535      -157.342      -133.573      -108.783
      0.00162      -536.574      -479.037      -428.238      -378.636      -329.529      -283.142       -234.75
      0.00163       196.816       182.121       166.283        150.25       134.206       118.972       103.042
      0.00164       -425.67       -378.69      -337.918      -298.241      -258.996      -221.937      -183.274
      0.00165       11.3385       14.6538        15.634       16.2065       16.6533       17.0202       17.3799
      0.00166       129.432       121.195       111.498       101.551       91.5542       82.0427       72.0959
      0.00167      -12.7192        -6.755      -3.51835     -0.751977       1.86432       4.27895       6.77806
      0.00168       313.884       287.594       261.158        234.71       208.332       183.326       157.205
      0.00169       189.744       176.064       160.963       145.632       130.276       115.688       100.443
       0.0017      -614.629      -549.073      -491.152      -434.578      -378.558      -325.628      -270.397
      0.00171       455.993       415.611       376.194       336.969        297.91       260.906       222.258
      0.00172      -421.445      -375.099      -334.718      -295.388      -256.478      -219.734      -181.393
      0.00173      -153.074      -133.266      -117.356      -102.126      -87.1358      -73.0101       -58.287
      0.00174      -49.1522      -39.6644      -33.1789      -27.2141      -21.4183      -15.9893      -10.3416
      0.00175        840.62       762.263       687.961       614.404       541.268       472.038       399.755
      0.00176      -391.275      -347.833      -310.147      -273.471      -237.196       -202.94      -167.195
      0.00177       302.707       277.546       252.078       226.575       201.133       177.017       151.822
      0.00178       93.7533       89.4009       82.9856       76.2272       69.3879       62.8577       56.0231
      0.00179      -182.992      -159.977      -141.275      -123.319      -105.632      -88.9599      -71.5771
       0.0018       162.059       150.511       137.811        124.92       112.007       99.7415       86.9236
      0.00181       107.218        101.39       93.7278       85.7578       77.7185       70.0588       62.0487
      0.00182      -340.931      -302.245      -269.199      -237.135      -205.447      -175.532      -144.323
      0.00183      -493.951      -440.139      -393.257      -347.587      -302.392      -259.701      -215.161
      0.00184      -520.776      -464.638      -415.379      -367.329      -319.763      -274.822      -227.931
      0.00185       104.021       98.0082        90.478       82.6952       74.8596       67.3996       59.5961
      0.00186       464.391       423.572       383.438       343.454       303.635       265.918       226.536
      0.00187      -138.575      -120.186      -105.536      -91.5294      -77.7529      -64.7747      -51.2371
      0.00188       -269.96      -238.302      -211.765      -186.113      -160.788      -136.887      -111.955
      0.00189       620.991       564.184       509.758        455.78       402.085       351.246       298.167
       0.0019       175.054       163.349       149.594        135.51       121.381       107.958       93.9355
      0.00191      -604.189        -539.9      -482.996      -427.389      -372.318      -320.277      -265.967
      0.00192       1305.97       1181.76       1065.12       949.862       835.334        726.95       613.808
      0.00193      -201.342      -176.222      -155.731      -136.041      -116.633      -98.3283      -79.2276
      0.00194      -39.7102       -31.027      -25.3936      -20.2853      -15.3384       -10.708      -5.88558
      0.00195       407.293       371.779       336.823       301.987        267.29       234.423       200.104
      0.00196        22.972       26.1256       26.1711       25.6943       25.0763       24.4351       23.7548
      0.00197       697.582       633.742       572.466       511.677       451.209       393.959       334.192
      0.00198       -505.79      -450.644      -402.547      -355.687      -309.311      -265.497      -219.771
      0.00199      -141.028      -122.091      -107.267      -93.1565      -79.2803      -66.2031      -52.5659
        0.002       951.079       862.317       778.004       694.516       611.513        532.95       450.933
      0.00201      -560.841      -500.339      -447.225      -395.405      -344.105      -295.631      -245.039
      0.00202       276.352        254.12       231.043       207.843       184.683       162.727       139.793
      0.00203       32.8687       34.6885       33.8037       32.4639       31.0023       29.5661       28.0584
      0.00204      -124.805       -107.18      -93.7528       -81.043      -68.5674      -56.8211      -44.5716
      0.00205       555.007       504.938       456.572       408.538       360.739       315.478       268.227
      0.00206      -1072.88      -961.418      -861.826      -764.327      -667.694      -576.341      -480.997
      0.00207       344.378        315.25       285.903       256.552       227.293       199.569       170.615
      0.00208       199.121       184.584       168.587       152.366       136.134       120.728        104.64
      0.00209       279.415       257.071       233.789       210.374       186.999       164.841       141.708
       0.0021      -317.348      -280.824      -249.907      -219.955      -190.358      -162.414       -133.25
      0.00211       -596.28      -532.298       -476.13      -421.321       -367.05      -315.767      -262.249
      0.00212       105.008       99.5765        92.001       84.0759       76.0867       68.4849       60.5381
      0.00213       674.845       613.291       554.054       495.265       436.785       381.424       323.631
      0.00214      -266.481      -234.921      -208.589      -183.156      -158.045      -134.342        -109.6
      0.00215      -141.139      -122.173      -107.338      -93.2073      -79.3091      -66.2069      -52.5376
      0.00216        163.55       152.583       139.759       126.642       113.493       101.011       87.9765
      0.00217      -718.911      -643.204      -575.895      -510.052      -444.818      -383.156      -318.798
      0.00218       129.374       121.902        112.11       101.947        91.727       82.0126       71.8642
      0.00219       144.231       134.752        123.66       112.315       100.938       90.1325       78.8511
       0.0022       12.4024       16.3936       17.3087       17.7209       17.9982       18.2131       18.4343
      0.00221      -752.937      -673.833      -603.464      -534.619      -466.404      -401.923      -334.621
      0.00222       211.282       195.616       178.353        160.85       143.351       126.753       109.421
      0.00223      -6.87768      -1.38016       1.23705       3.38306       5.39687       7.25614       9.19584
      0.00224       147.435       137.915       126.518       114.831       103.108       91.9768       80.3582
      0.00225      -338.683      -300.248       -267.49      -235.699      -204.266      -174.579      -143.592
      0.00226      -115.279      -98.7618       -86.339      -74.5997      -63.0736       -52.211      -40.8758
      0.00227       -272.17      -240.234      -213.557       -187.77      -162.297      -138.247      -113.148
      0.00228      -214.968      -188.908      -167.467      -146.805      -126.411      -107.159       -87.066
      0.00229        1337.3       1210.34       1090.84        972.73       855.379       744.333       628.427
       0.0023       164.326       153.185       140.396       127.365        114.31        101.92       88.9963
      0.00231      -776.464      -694.979      -622.462      -551.501       -481.18      -414.705      -345.317
      0.00232       690.688       627.629       566.813       506.456       446.425         389.6       330.281
      0.00233      -211.033      -185.118      -163.896      -143.459      -123.295      -104.265      -84.3956
      0.00234       471.022       429.327       388.506       347.892        307.47       269.196       229.244
      0.00235       -601.46      -536.725      -480.044      -424.748      -369.991      -318.238      -264.216
      0.00236       252.564       232.664       211.648       190.489       169.368        149.35       128.451
      0.00237      -184.611      -161.712      -142.968      -124.918       -107.11      -90.3043      -72.7588
      0.00238        218.94       202.411        184.49       166.377        148.28       131.123       113.215
      0.00239       147.797       138.275       126.858       115.161       103.431       92.2945       80.6726
       0.0024       188.927       175.511        160.37       144.983       129.586       114.982        99.739
      0.00241        2.6332       7.22682       8.98225       10.2861       11.4687       12.5465       13.6743
      0.00242      -222.137      -194.952      -172.779       -151.44      -130.383      -110.509      -89.7651
      0.00243       416.931       380.733       344.822       309.021       273.374       239.618       204.384
      0.00244      -771.868      -690.661      -618.545          -548      -478.094      -412.008      -343.022
      0.00245      -584.305      -521.498      -466.548      -412.944      -359.857      -309.679      -257.304
      0.00246        588.08       534.685       483.136       431.977       381.093       332.929       282.653
      0.00247      -71.9348      -59.5092      -50.9421      -43.0011       -35.244      -27.9471      -20.3234
      0.00248       479.537       437.668       396.108       354.669       313.411       274.347       233.576
      0.00249       72.8657       70.8985       66.3152       61.3282       56.2566       51.4189       46.3773
       0.0025       85.1005        81.972       76.2436       70.1149       63.9097       58.0017        51.839
      0.00251        428.01       391.162       354.306       317.512       280.866       246.167       209.953
      0.00252       6.05896       10.2464       11.7092       12.7404       13.6566       14.4859       15.3598
      0.00253      -589.691      -525.893      -470.323      -416.158      -362.525      -311.836      -258.925
      0.00254      -457.962      -407.273      -363.757      -321.456      -279.596      -240.038      -198.743
      0.00255        633.78       575.836       520.152       464.934       410.024       358.051       303.807
      0.00256      -336.017      -297.308      -264.736      -233.195      -202.015       -172.56      -141.808
      0.00257       498.207       453.853       410.523        367.44       324.568       283.982       241.624
      0.00258       361.034       330.403       299.635       268.906       238.294       209.301       179.044
      0.00259       404.042       369.433       334.781       300.183       265.722        233.09       199.039
       0.0026       220.746       204.545       186.572       168.354       150.141       132.872       114.852
      0.00261       -183.44      -160.015      -141.319      -123.403      -105.741      -89.0746      -71.6704
      0.00262      -41.7234      -32.3999      -26.6292      -21.4332      -16.3915      -11.6573       -6.7095
      0.00263       25.2307       28.2125       27.9305       27.1296       26.2093       25.3024       24.3635
      0.00264       256.334       236.366       215.095       193.654       172.254       151.977       130.821
      0.00265      -34.5309      -25.9247      -20.7633      -16.1522      -11.6919      -7.51232      -3.14111
      0.00266       369.073       338.169       306.678       275.148       243.726       213.968       182.911
      0.00267      -316.452      -279.805      -249.008      -219.192       -189.72       -161.88      -132.812
      0.00268       3.39057       8.31834       9.98295       11.1264       12.1448       13.0749       14.0516
      0.00269      -566.025       -504.91      -451.515      -399.436      -347.862      -299.116      -248.226
       0.0027       415.093       379.582       343.829       308.101       272.515       238.817       203.647
      0.00271      -533.549      -475.255       -424.75      -375.568      -326.879      -280.862      -232.819
      0.00272       391.328       358.048       324.445       290.853       257.391       225.706       192.635
      0.00273       138.113        130.05       119.556       108.701        97.797       87.4451       76.6464
      0.00274       12.7687       16.8972       17.7535       18.0942        18.312       18.4811       18.6638
      0.00275      -259.958      -228.768      -203.151      -178.457      -154.074      -131.049       -107.01
      0.00276       610.906       555.912       502.398       449.216       396.314       346.241       293.979
      0.00277        251.15       231.728       210.988        190.08       169.209        149.43       128.798
      0.00278       399.371       365.536       331.329       297.125       263.049       230.783       197.114
      0.00279      -495.802      -441.408      -394.318      -348.464      -303.071       -260.17      -215.379
       0.0028       271.118       249.752        227.09        204.27       181.499       159.928       137.415
      0.00281      -941.828      -843.391      -755.829      -670.142      -585.211       -504.91      -421.083
      0.00282         414.8       379.286       343.507       307.758       272.154       238.443       203.258
      0.00283      -330.803      -292.889      -260.832      -229.751      -199.016      -169.977      -139.653
      0.00284       211.868       196.301        179.01       161.483       143.969       127.373       110.055
      0.00285      -211.574      -185.243      -164.022      -143.639      -123.527      -104.538      -84.7066
      0.00286       1140.09       1032.64       931.049       830.587       730.762       636.304       537.722
      0.00287      -293.663      -259.252      -230.456      -202.593      -175.053      -149.036      -121.862
      0.00288      -424.012      -376.565      -336.072      -296.742      -257.828      -221.056      -182.666
      0.00289       480.315       438.242       396.567       355.039       313.705       274.577       233.739
       0.0029      -325.132      -287.391      -255.807      -225.243      -195.032      -166.491      -136.685
      0.00291      -29.9305      -21.2197      -16.5197      -12.4551      -8.54737      -4.88304      -1.05116
      0.00292      -43.1735      -33.4983      -27.5962      -22.2915      -17.1425      -12.3042      -7.24322
      0.00293       504.568       460.153       416.315       372.658       329.211       288.085       245.166
      0.00294      -178.295      -155.356      -137.122      -119.652      -102.425      -86.1637      -69.1742
      0.00295      -373.801      -331.238      -295.301      -260.465      -226.011      -193.458      -159.472
      0.00296       62.0392       61.3809       57.6899       53.5335       49.2956       45.2577       41.0537
      0.00297       68.5543       67.3246       63.0907       58.4023       53.6301        49.084         44.35
      0.00298        -234.4      -205.854      -182.584      -160.176      -138.048      -117.153      -95.3302
      0.00299       -436.95      -388.387      -346.761      -306.289      -266.237      -228.384      -188.867
        0.003      -118.522      -101.461      -88.7919       -76.827      -65.0623      -53.9611      -42.3632
      0.00301        269.78       248.998       226.464        203.71           181       159.487       137.042
      0.00302       423.377       386.961       350.497        314.11       277.884       243.589       207.807
      0.00303      -684.886      -611.757      -547.545      -484.841      -422.719      -363.989       -302.67
      0.00304       1100.96       997.577       899.477       802.414       705.962       614.696       519.447
      0.00305       11.5067       16.0639       17.1252       17.6502       18.0522       18.4016       18.7857
      0.00306      -1490.03       -1337.4      -1200.11      -1065.47      -931.946      -805.676      -673.866
      0.00307       111.532       105.764       97.4047       88.6715        79.895       71.5649       62.8727
      0.00308       37.7333       39.5443       38.0594       36.0783       33.9964       31.9966       29.9228
      0.00309       301.686       277.655       252.221       226.629       201.107       176.938       151.724
       0.0031       227.528       210.649       191.973       173.071       154.193       136.307       117.651
      0.00311      -92.7939      -78.1979      -67.7961      -58.0531      -48.4943      -39.4838      -30.0632
      0.00312       802.235       728.544       657.643       587.333       517.431       451.283       382.249
      0.00313       318.999       293.277       266.385       239.379       212.452       186.948       160.347
      0.00314       278.325       256.851       233.633       210.202       186.814       164.661       141.553
      0.00315      -396.029      -351.509      -313.531      -276.635      -240.125      -205.619      -169.587
      0.00316      -257.456      -226.343      -201.013      -176.626      -152.539      -129.784      -106.021
      0.00317      -118.385      -100.834       -88.121       -76.179      -64.4498       -53.384      -41.8203
      0.00318       36.9263       38.6856       37.2762       35.3856       33.4006       31.4968        29.523
      0.00319      -7.59811     -0.768558       1.92305       3.97444       5.88218       7.65849       9.52742
       0.0032       -47.752      -37.3206      -31.0067      -25.3369      -19.8296      -14.6478      -9.22546
      0.00321      -208.154      -181.946      -161.079      -141.072      -121.331       -102.69      -83.2202
      0.00322       296.087       272.447         247.5        222.41       197.393       173.704       148.988
      0.00323      -566.402      -504.534      -451.081      -399.037      -347.505      -298.793       -247.93
      0.00324       765.889       696.059       628.418       561.269       494.497       431.309       365.364
      0.00325       50.2357       51.0991       48.5986       45.5933       42.4905       39.5245       36.4498
      0.00326      -557.848      -496.798      -444.135      -392.873      -342.119      -294.142      -244.048
      0.00327       729.518       663.057        598.71       534.838       471.326       411.222       348.498
      0.00328       29.7968       33.0739       32.4582       31.2458       29.9104       28.6148       27.2814
      0.00329       167.964       156.918       143.645       130.065       116.476       103.595       90.1643
       0.0033      -334.924      -296.087      -263.665      -232.293      -201.276      -171.966      -141.357
      0.00331       -424.48      -376.581      -336.075      -296.789      -257.923       -221.19      -182.836
      0.00332      -141.116      -121.214      -106.467      -92.5419      -78.8438      -65.9133      -52.4043
      0.00333      -32.5513       -23.753      -18.8686      -14.5886      -10.4514       -6.5637      -2.49137
      0.00334      -40.6576      -30.7184      -25.0639      -20.0736      -15.2425      -10.7012      -5.94584
      0.00335      -46.4608      -35.8741      -29.6885      -24.1867      -18.8499      -13.8307      -8.57668
      0.00336       533.516        486.36       439.847       393.546        347.48        303.88       258.387
      0.00337       -389.03      -344.642      -307.275      -271.066       -235.25      -201.402       -166.05
      0.00338       417.609       382.124       346.125       310.131        274.29       240.362       204.959
      0.00339      -368.355      -325.917      -290.437      -256.099      -222.145      -190.058      -156.547
       0.0034      -206.063      -180.118      -159.496       -139.73      -120.223      -101.795      -82.5445
      0.00341        466.59       426.523       386.097        345.71         305.5       267.438       227.724
      0.00342         162.6       152.485        139.74       126.627       113.491       101.034       88.0512
      0.00343      -534.526      -475.715      -425.171      -376.004      -327.328      -281.315      -233.268
      0.00344       1114.38       1010.21       910.918       812.609       714.911       622.469       525.995
      0.00345      -303.138      -267.101      -237.457      -208.855      -180.591      -153.885      -125.986
      0.00346      -46.9424      -36.1222      -29.8807      -24.3545      -18.9985       -13.958      -8.68381
      0.00347      -1048.34      -938.909      -841.737      -746.658      -652.407      -563.285      -470.243
      0.00348      -150.026       -129.46      -114.006      -99.3664      -84.9524      -71.3412      -57.1282
      0.00349      -154.939      -133.931      -117.954      -102.779      -87.8299      -73.7154      -58.9669
       0.0035       269.257       248.529       225.997       203.244       180.542       159.045       136.621
      0.00351       899.156       816.433       736.769       657.756       579.207       504.883       427.321
      0.00352      -817.826      -730.857      -654.506      -579.952      -506.079      -436.226      -363.301
      0.00353       68.4818       67.7685       63.4311       58.5506       53.5826       48.8567       43.9334
      0.00354        848.07        770.15       695.087       620.635       546.622       476.587       403.502
      0.00355      -104.914      -88.0228      -76.3918      -65.5956      -55.0165      -45.0399      -34.6057
      0.00356       84.6673       82.6293       76.9337       70.6892       64.3615       58.3491       52.0906
      0.00357       -280.22      -246.464      -219.026      -192.613      -166.522      -141.871      -116.124
      0.00358       116.941       111.434        102.76       93.6194       84.4251       75.7041        66.616
      0.00359       -153.78      -132.468      -116.513       -101.41      -86.5463      -72.5163      -57.8567
       0.0036       226.937       210.655       192.006       173.039       154.089        136.14        117.42
      0.00361       365.604       335.723       304.532       273.212       241.999       212.449       181.625
      0.00362       40.4494       42.7783        41.147       38.9193       36.5754       34.3275        31.998
      0.00363       1129.66       1024.16       923.572       823.968       724.983       631.329       533.587
      0.00364      -379.795      -335.566      -298.897      -263.473      -228.452      -195.355       -160.79
      0.00365      -9.23851      -2.35277      0.455744       2.63482       4.67864        6.5879       8.59742
      0.00366       266.698       246.804       224.614       202.122       179.663       158.392       136.205
      0.00367      -537.453      -478.555      -427.728      -378.247       -329.25      -282.929      -234.562
      0.00368       289.961       267.717       243.349        218.71       194.123       170.838       146.545
      0.00369      -21.6748      -12.9172      -8.88273      -5.57859      -2.44053      0.495838        3.5766
       0.0037      -133.486      -114.193       -100.07       -86.765      -73.6819      -61.3355      -48.4335
      0.00371      -66.2783        -53.18      -45.1439      -37.9047      -30.8562      -24.2179      -17.2724
      0.00372      -390.635      -345.716       -308.24      -271.986      -236.132      -202.247      -166.863
      0.00373      -148.828      -127.941      -112.479      -97.8826      -83.5174      -69.9549      -55.7824
      0.00374       155.629       146.537       134.377       121.776       109.142       97.1663       84.6831
      0.00375      -5.11653       1.82633       4.31039       6.11061       7.76327       9.29612       10.9111
      0.00376       470.844       430.522       389.753       349.012        308.45       270.057       229.999
      0.00377      -175.906      -151.846      -133.787      -116.691      -99.8615      -83.9732      -67.3695
      0.00378       30.6453        33.844       33.0431       31.6329       30.1085       28.6424       27.1301
      0.00379       900.825       818.348       738.563       659.372       580.637       506.136       428.387
       0.0038      -1258.86      -1127.84      -1011.38      -897.418      -784.439      -677.597      -566.065
      0.00381      -165.806      -143.237      -126.323      -110.308      -94.5382      -79.6479      -64.0975
      0.00382       574.256        523.77       473.577       423.545       373.761       326.648       277.485
      0.00383      -352.959      -311.915      -277.817      -244.854      -212.258      -181.454      -149.277
      0.00384       670.234       610.479       551.582       492.952       434.628       379.432       321.833
      0.00385      -218.749      -190.555      -168.598      -147.642      -126.976      -107.459      -87.0629
      0.00386       164.211       154.745       141.845       128.448       115.013       102.276       88.9963
      0.00387       188.584       176.244       161.139        145.65       130.152       115.466       100.154
      0.00388       382.095        350.94       318.292        285.49       252.796       221.847       189.562
      0.00389      -340.604      -300.688      -267.701      -235.844      -204.349      -174.586      -143.498
       0.0039       602.931       549.611       496.832       444.259       391.954       342.453       290.798
      0.00391      -751.705      -670.413      -600.016      -531.453      -463.545      -399.343      -332.311
      0.00392       495.422       453.075       410.032       366.985       324.122        283.55       241.214
      0.00393      -339.259      -299.298      -266.418      -234.693      -203.335      -173.703       -142.75
      0.00394       793.148        721.53       651.508       581.887       512.646       447.123       378.745
      0.00395      -177.844      -153.706       -135.43      -118.091      -101.014      -84.8896      -68.0349
      0.00396       270.836       250.805       228.247       205.353       182.493       160.843        138.26
      0.00397      -243.954      -213.323      -189.101      -165.909      -143.022      -121.404      -98.8173
      0.00398      -484.063      -429.474       -383.49      -338.923      -294.829      -253.153      -209.639
      0.00399       206.279       192.464       175.701       158.528       141.351       125.078       108.104
        0.004       306.359       282.933       257.175       231.118       205.116       180.493       154.811
      0.00401      -144.681      -123.699      -108.487      -94.1874      -80.1307      -66.8646      -52.9968
      0.00402      -303.831      -267.249      -237.642      -209.165      -181.031      -154.449      -126.688
      0.00403       23.4507       28.0002       27.8785       27.0422       26.0726       25.1276        24.156
      0.00404       -650.97      -580.074      -518.939      -459.432      -400.502      -344.787      -286.614
      0.00405       165.936       155.813       142.657       129.074       115.468       102.574       89.1292
      0.00406      -91.3754      -75.6392      -65.3141      -55.8352      -46.5639      -37.8247      -28.6865
      0.00407       316.187       291.559       264.842       237.868       210.965       185.492       158.921
      0.00408      -86.4184      -70.8163      -60.8913       -51.858      -43.0388      -34.7278      -26.0333
      0.00409       1282.76       1162.33       1047.82       934.495       821.887       715.347       604.162
       0.0041      -194.736      -168.856       -148.99      -130.087      -111.456      -93.8587      -75.4649
      0.00411      -39.1615      -28.3554      -22.7463      -17.9474      -13.3262      -8.98192      -4.42965
      0.00412       -203.75      -177.202      -156.678      -137.118       -117.83      -99.6131      -80.5823
      0.00413       299.468       276.639       251.465       225.988       200.566       176.492        151.38
      0.00414      -97.6823      -81.1557      -70.1986      -60.1164       -50.251      -40.9501      -31.2229
      0.00415       66.3564        66.702       62.7243        58.092       53.3543        48.846       44.1592
      0.00416      -60.5211      -48.2521       -40.734      -33.9542      -27.3465      -21.1231      -14.6093
      0.00417       -826.59      -737.803      -660.676      -585.514      -511.058      -440.661      -367.166
      0.00418      -153.601      -131.733      -115.854      -100.928      -86.2471      -72.3865      -57.9071
      0.00419       622.777       567.702        513.12       458.742       404.643       353.446       300.025
       0.0042       117.198       113.089       104.589       95.4323       86.1875       77.4102       68.2682
      0.00421      -493.989      -438.368      -391.453      -345.974      -300.973      -258.434      -214.013
      0.00422      -255.832      -223.638      -198.422      -174.333      -150.566      -128.108      -104.652
      0.00423       905.678       823.037       742.781       663.073       583.821        508.83       430.572
      0.00424      -195.557      -169.268      -149.367      -130.488       -111.89      -94.3264      -75.9679
      0.00425      -79.5303      -65.0096      -55.7741      -47.3696      -39.1587      -31.4168      -23.3178
      0.00426      -143.511      -122.598      -107.548      -93.4247      -79.5416      -66.4377      -52.7423
      0.00427      -328.761      -289.259      -257.376      -226.733      -196.463       -167.86      -137.991
      0.00428       -93.846      -77.9921      -67.5011      -57.8556      -48.4113      -39.5017      -30.1834
      0.00429       188.306       176.419       161.318       145.757       130.178       115.419       100.032
       0.0043      -475.341        -421.4      -376.183      -332.407      -289.098      -248.162      -205.412
      0.00431       23.0111       27.7153       27.5988       26.7393        25.744       24.7781       23.7837
      0.00432      -370.126      -326.734      -291.115      -256.767      -222.812      -190.723      -157.208
      0.00433       579.503       529.047       478.381       427.795       377.451       329.803       280.087
      0.00434       450.687       413.254       374.414       335.448       296.627       259.877        221.54
      0.00435       -547.72      -487.009      -435.207      -384.886      -335.071      -287.975      -238.795
      0.00436       489.391        448.03       405.559       363.009       320.636       280.527       238.678
      0.00437       609.073       555.761       502.528       449.421       396.574       346.562       294.383
      0.00438      -83.3489      -67.8183      -58.1077      -49.3194      -40.7469      -32.6684      -24.2128
      0.00439       76.7492       76.2968       71.3844       65.7901       60.0936       54.6787       49.0472
       0.0044      -158.345      -135.399      -118.936       -103.51      -88.3525      -74.0464      -59.0975
      0.00441       67.6706       68.2261       64.1301       59.3183       54.3957       49.7124       44.8438
      0.00442       939.148       852.994        769.74       687.117       604.979       527.259       446.159
      0.00443      -74.3343       -59.471       -50.509      -42.4851       -34.677      -27.3225      -19.6229
      0.00444      -769.305      -686.173       -614.23      -544.172      -474.782      -409.177       -340.68
      0.00445       404.248       371.393       336.663       301.713       266.879       233.902       199.493
      0.00446      -67.1935      -53.4438      -45.2351      -37.9041       -30.772      -24.0567      -17.0241
      0.00447       504.004        461.46       417.766       373.981       330.373       289.097        246.03
      0.00448       417.147       383.039       347.293       311.368       275.567       241.673       206.316
      0.00449      -287.812      -252.067      -223.775      -196.702      -169.982      -144.738      -118.366
       0.0045      -384.454      -339.295      -302.316      -266.688      -231.472      -198.193      -163.443
      0.00451      -732.377      -652.517      -583.949      -517.283      -451.272      -388.865      -323.711
      0.00452       424.201       389.411       352.863       316.116       279.497       244.831       208.661
      0.00453       -33.694      -23.1847      -18.0184      -13.6946      -9.54916      -5.65848      -1.57366
      0.00454      -182.288      -157.181      -138.566      -120.999      -103.708      -87.3815      -70.3223
      0.00455      -90.0781      -73.8084      -63.5688      -54.2942      -45.2417      -36.7068      -27.7796
      0.00456       198.194       185.581        169.62       153.167       136.696       121.093       104.828
      0.00457      -218.954      -189.598       -167.59       -146.78      -126.287      -106.935      -86.7183
      0.00458      -374.046      -329.895      -293.888      -259.225      -224.968      -192.595      -158.788
      0.00459       92.7554       91.1642       84.7782       77.6502       70.4178        63.547       56.3912
       0.0046      -572.635      -509.069      -455.021      -402.567      -350.649      -301.566      -250.312
      0.00461      -254.861        -222.6      -197.483      -173.538      -149.915      -127.596      -104.284
      0.00462       607.008        554.46       501.352       448.258       395.407       345.386       293.193
      0.00463       52.9911       55.2064       52.5183       49.0662       45.4859       42.0678        38.526
      0.00464       721.774       657.792       594.316       531.041       468.087       408.513       346.349
      0.00465       85.3787       84.5392       78.9591        72.645       66.2176       60.1058       53.7529
      0.00466      -646.746      -575.702      -514.887      -455.795      -397.291      -341.981      -284.228
      0.00467       537.521       491.647       444.825       397.943       351.261       307.076       260.972
      0.00468      -391.627      -345.618      -307.928      -271.618       -235.73      -201.812      -166.384
      0.00469       -205.43       -177.47      -156.763      -137.241      -118.028      -99.8804      -80.9212
       0.0047       89.9045       88.7159       82.6123       75.7418       68.7617       62.1314       55.2294
      0.00471      -130.643      -110.689      -96.7762      -83.8386      -71.1396      -59.1574      -46.6309
      0.00472      -416.089      -367.366      -327.515      -289.138      -251.207      -215.362      -177.933
      0.00473       227.962       212.887       194.197        174.97       155.732       137.509       118.502
      0.00474      -105.436      -87.6289        -75.98      -65.3207      -54.8932      -45.0614      -34.7771
      0.00475        238.41       222.261       202.654       182.539       162.421       143.367       123.497
      0.00476       298.053       276.083       251.106       225.702       200.331       176.306       151.251
      0.00477       -148.25      -125.538       -109.93      -95.4739      -81.2984      -67.9228      -53.9417
      0.00478       301.297       278.992       253.685       227.951       202.255       177.924       152.548
      0.00479       148.538       141.724       130.367       118.315       106.187       94.6809       82.6908
       0.0048        99.344        97.264       90.3562       82.7009       74.9416       67.5687       59.8926
      0.00481       301.496       279.413       254.143       228.412       202.715        178.38       153.001
      0.00482      -487.265      -431.054      -384.642      -339.867      -295.598      -253.757      -210.062
      0.00483       49.7874       52.2288       49.7267       46.4498        43.046       39.7986        36.427
      0.00484       350.215       323.439       293.738       263.628       233.577       205.124       175.444
      0.00485      -342.084      -300.423      -267.211      -235.396      -203.983      -174.303      -143.299
      0.00486       632.047       577.317       521.979       466.648       411.567       359.437        305.04
      0.00487      -56.4033       -43.114      -35.8202      -29.4858      -23.3589      -17.5962      -11.5549
      0.00488        287.64       267.128       243.126       218.614       194.119        170.92       146.723
      0.00489      -346.634      -304.483       -270.85      -238.623      -206.803      -176.738      -145.333
       0.0049      -210.475       -181.77      -160.575      -140.606      -120.954      -102.394      -83.0026
      0.00491      -494.204      -437.691      -390.745      -345.392      -300.538      -258.143      -213.874
      0.00492      -121.152      -101.533      -88.5082       -76.549      -64.8367      -53.7847      -42.2325
      0.00493        760.65       693.262        626.25       559.423       492.932        430.01       364.351
      0.00494      -284.832      -248.996      -220.958      -194.199      -167.798      -142.856      -116.795
      0.00495      -689.858      -613.684      -548.953      -486.147      -423.978      -365.205      -303.842
      0.00496       285.634       265.279       241.346       216.896       192.463       169.321       145.181
      0.00497       -300.16      -262.776       -233.42      -205.379      -177.708      -151.564      -124.253
      0.00498       691.677       631.188       570.419       509.724       449.318       392.152       332.499
      0.00499       359.265       331.955       301.516       270.645       239.829       210.647       180.211
        0.005      -255.352      -222.051      -196.703      -172.653      -148.951      -126.563      -103.172
      0.00501      -661.029       -587.77      -525.664      -465.429      -405.808      -349.447      -290.599
      0.00502       172.276       163.428        149.81       135.467       121.058       107.399       93.1549
      0.00503       166.095       157.163       144.145       130.514       116.833       103.865        90.352
      0.00504        425.06       391.355       354.884       318.048       281.313       246.534       210.253
      0.00505      -678.741      -604.044      -540.283      -478.356      -417.048      -359.084       -298.56
      0.00506       736.932       672.246        607.35       542.547       478.058       417.025       353.337
      0.00507       256.357       239.545       218.475       196.779       175.062       154.485        133.03
      0.00508       107.593       105.273       97.6623       89.2392       80.7042       72.5967        64.155
      0.00509       107.762       105.293       97.6429       89.1987       80.6469       72.5261       64.0698
       0.0051      -232.142      -200.892      -177.666      -155.739      -134.152      -113.766      -92.4683
      0.00511      -265.391       -231.23      -205.051      -180.173      -155.643       -132.47      -108.264
      0.00512       1170.64       1063.47       959.268       855.731       752.786       655.376        553.72
      0.00513      -401.622      -353.652      -314.914      -277.694      -240.925      -206.177      -169.881
      0.00514      -597.946      -530.624      -474.225      -419.641      -365.639      -314.593      -261.298
      0.00515       180.324       170.835       156.517       141.474       126.367       112.046       97.1119
      0.00516      -333.048      -291.532      -259.132      -228.219       -197.72      -168.908      -138.813
      0.00517       358.078       331.264       300.842       269.917       239.041       209.806       179.304
      0.00518      -61.4879      -47.2233      -39.4927      -32.7919      -26.3117      -20.2144      -13.8272
      0.00519      -274.259      -238.621      -211.587      -185.945      -160.674      -136.807      -111.878
       0.0052      -166.315      -141.675      -124.499      -108.518      -92.8249      -78.0104      -62.5289
      0.00521       859.384       782.969       707.022       631.306       555.978       484.692       410.304
      0.00522      -302.463      -264.035      -234.341      -206.064      -178.175      -151.827      -124.303
      0.00523       658.892       602.219       544.481       486.702       429.178       374.734       317.924
      0.00524      -201.916      -173.563      -153.021       -133.73      -114.757      -96.8429      -78.1197
      0.00525       -315.67       -275.98      -245.193      -215.847      -186.898      -159.549      -130.987
      0.00526       388.251       358.593       325.444       291.823       258.269       226.498       193.352
      0.00527      -265.185      -230.374       -204.11      -179.224      -154.703      -131.543      -107.346
      0.00528       433.404       398.972        361.71       324.092       286.583       251.072       214.022
      0.00529       339.504       314.639       286.003       256.849        227.73       200.152       171.387
       0.0053       283.143       263.826        240.31         216.2       192.089       169.247       145.425
      0.00531       154.045       147.873       136.107       123.503       110.801        98.749       86.1889
      0.00532       584.873       536.032       485.125       434.007       383.084       334.882       284.588
      0.00533      -879.641      -783.828      -701.683      -621.829      -542.757      -467.996      -389.943
      0.00534      -197.134      -168.579      -148.578      -129.945      -111.642      -94.3642      -76.3183
      0.00535       139.217       134.188       123.673       112.336       100.902       90.0546       78.7507
      0.00536      -487.315      -430.667      -384.259      -339.528      -295.305      -253.509      -209.861
      0.00537       550.108       504.736        456.89       408.766       360.814        315.42       268.055
      0.00538       -502.09      -443.432      -395.604      -349.549      -304.028      -261.004      -216.074
      0.00539      -334.693      -292.828      -260.337       -229.36      -198.797      -169.918      -139.757
       0.0054      -285.598      -248.711      -220.686      -194.085      -167.861      -143.087       -117.21
      0.00541       1111.51       1010.47       911.622       813.338       715.604       623.124       526.615
      0.00542      -376.922      -330.665      -294.152      -259.217       -224.73      -192.141      -158.102
      0.00543      -42.9967      -29.5456      -23.4991      -18.6055      -13.9414      -9.56366      -4.97836
      0.00544       459.717       423.479       383.895       343.885       303.982       266.203       226.788
      0.00545      -109.177      -88.9444      -76.7855      -65.8938       -55.285      -45.2885      -34.8312
      0.00546       533.238       489.369       443.086       396.543       350.166       306.264       260.461
      0.00547       25.2416       31.8924       31.8415       30.7672       29.5087       28.2814       27.0239
      0.00548      -769.707      -684.481      -612.391      -542.473      -473.268      -407.846      -339.537
      0.00549      -25.3229      -13.8205       -9.4472      -6.17362      -3.10973     -0.243729       2.75893
       0.0055       573.034       525.347       475.447       425.325       375.394       328.131       278.818
      0.00551      -242.572      -209.368        -185.1      -162.252      -139.768      -118.539       -96.354
      0.00552       -201.54       -172.48      -152.027      -132.935      -114.175      -96.4658      -77.9654
      0.00553       -168.77      -143.018      -125.554      -109.394      -93.5418      -78.5824      -62.9514
      0.00554       590.258       540.951       489.477       437.791       386.308       337.579       286.734
      0.00555      -495.707      -436.978       -389.69      -344.263      -299.381      -256.965      -212.671
      0.00556       646.329       591.525       534.933       478.206       421.714       368.244        312.45
      0.00557      -34.0141      -21.3694      -16.0336      -11.8228      -7.83693      -4.10407     -0.181709
      0.00558      -328.396      -286.446      -254.427      -223.997      -193.995      -165.654      -136.055
      0.00559      -204.377       -175.09      -154.405      -135.079      -116.084      -98.1485      -79.4105
       0.0056        -405.6      -356.177        -317.2      -279.903      -243.079      -208.286      -171.955
      0.00561      -67.7144      -51.5634      -43.2947      -36.2479      -29.4519      -23.0565      -16.3658
      0.00562       1059.85       964.823       870.742       777.024       683.801       595.585       503.524
      0.00563      -509.447      -449.635      -401.074      -354.337      -308.145      -264.487      -218.894
      0.00564      -72.0379      -55.4826       -46.812      -39.3624      -32.1654        -25.39      -18.3038
      0.00565       532.096       488.857       442.689       396.186        349.84       305.967       260.191
      0.00566      -296.226      -257.335      -228.187      -200.586      -173.394      -147.712       -120.88
      0.00567      -322.451      -281.286      -249.867      -220.003      -190.554      -162.732      -133.675
      0.00568       100.175       99.9035       92.9482       84.9913       76.8946        69.201       61.1868
      0.00569      -631.251      -559.418      -499.921      -442.435      -385.574      -331.826      -275.703
       0.0057      -15.9535      -4.78807      -1.24775       1.12571       3.28157       5.28678       7.39296
      0.00571      -587.919      -520.281      -464.746      -411.179      -358.209      -308.142      -255.862
      0.00572      -319.641      -278.629      -247.539      -218.028      -188.929      -161.437      -132.723
      0.00573      -12.2944      -1.69277       1.49745       3.55722       5.41345       7.13755       8.95884
      0.00574       238.077       224.082       204.579       184.291       163.959       144.695       124.607
      0.00575       754.689        689.46       623.063       556.657       490.558       428.003       362.731
      0.00576      -168.399      -141.842      -124.294      -108.153       -92.339      -77.4175      -61.8188
      0.00577      -38.9079       -25.273      -19.5891      -15.1233      -10.8954      -6.92944      -2.77072
      0.00578      -1113.46      -993.739      -890.477      -789.954      -690.381      -596.232       -497.94
      0.00579       407.555       376.719       341.693       306.126       270.629       237.016       201.951
       0.0058       223.143       210.736       192.633       173.717       154.742       136.758       118.007
      0.00581       546.652       502.347       454.867       407.024       359.338         314.2       267.108
      0.00582       511.446       470.647       426.416       381.778       337.272       295.137        251.18
      0.00583       333.872       311.144       283.086       254.289       225.491        198.21       169.756
      0.00584      -185.347      -157.116      -138.057      -120.428      -103.138      -86.8208      -69.7673
      0.00585       270.144       253.441       231.081       207.919       184.721       162.743       139.818
      0.00586       119.323       117.515         108.9       99.2763        89.518       80.2481       70.5921
      0.00587       -284.26      -246.272      -218.254      -191.811      -165.769      -141.176      -115.484
      0.00588       238.123       224.599       205.136       184.821       164.449       145.145       125.011
      0.00589      -408.974      -358.265      -318.888      -281.323      -244.256      -209.236       -172.66
       0.0059       352.591        327.56       297.668       267.117       236.593       207.683       177.526
      0.00591       61.4243        65.546       62.2064        57.749       53.1105       48.6814       44.0771
      0.00592       469.792       434.016       393.597       352.569       311.622        272.85       232.398
      0.00593      -789.743      -701.583      -627.602      -555.943      -485.032      -417.994      -347.999
      0.00594       188.749       180.005       164.962       149.006       132.964       117.752       101.889
      0.00595      -297.557      -257.992      -228.758      -201.158      -173.976      -148.304      -121.487
      0.00596       823.734       752.514       679.868       607.185       534.831       466.353       394.895
      0.00597      -566.297      -499.811      -446.065      -394.382      -343.304      -295.029      -244.618
      0.00598      -315.315      -273.907      -243.124       -214.03      -185.363      -158.283          -130
      0.00599        262.59       246.963       225.278       202.727       180.129       158.717       136.382
        0.006      -84.1954      -65.7468      -55.8857      -47.3463      -39.0816      -31.3036      -23.1632
      0.00601       220.199       208.997       191.211       172.467        153.64       135.795       117.188
      0.00602      -415.426      -363.712      -323.735      -285.634      -248.044       -212.53       -175.44
      0.00603      -466.597      -409.839      -365.292      -322.702      -280.657      -240.929      -199.447
      0.00604       355.967       330.884       300.669       269.756       238.865       209.609        179.09
      0.00605      -164.085      -137.579      -120.457      -104.793       -89.463      -75.0033      -59.8895
      0.00606      -734.033      -651.177      -582.347      -515.807       -449.98      -387.755      -322.785
      0.00607       542.412       499.003       451.824       404.192       356.702       311.745       264.834
      0.00608      -606.371      -535.891      -478.578      -423.402      -368.857      -317.303      -263.469
      0.00609       232.939        220.52       201.489       181.499       161.434       142.418       122.581
       0.0061       890.317       812.951       734.309       655.661       577.379       503.295       425.986
      0.00611      -546.824      -482.354      -430.399      -380.467      -331.124       -284.49      -235.788
      0.00612       107.004       107.237       99.6826       90.9593       82.0735       73.6272       64.8267
      0.00613       333.646       311.085       282.982       254.103       225.225       197.873       169.346
      0.00614      -132.835      -108.857      -94.5309      -81.7097      -69.2143       -57.437      -45.1231
      0.00615       486.123       448.625       406.669       364.136       321.701       281.523       239.605
      0.00616      -281.426      -242.301      -214.425      -188.334      -162.681      -138.459      -113.158
      0.00617       75.2334       78.5388       73.9019       68.0657       62.0471       56.3152       50.3512
      0.00618      -293.277      -253.561      -224.699      -197.557      -170.844       -145.62      -119.272
      0.00619      -233.053       -199.59      -176.261       -154.53      -133.179      -113.021      -91.9618
       0.0062       267.379       251.948       229.866       206.817       183.708       161.809       138.967
      0.00621      -8.41413       2.97007       5.96348       7.67333       9.14922       10.5038       11.9392
      0.00622       -66.384      -48.6369      -40.3627      -33.5581      -27.0433      -20.9207      -14.5095
      0.00623       289.106       271.031       246.969       222.049       197.097       173.459       148.808
      0.00624      -157.085      -130.771      -114.249      -99.2608      -84.6131      -70.7995      -56.3603
      0.00625       248.466       234.753       214.401        193.08       171.688       151.416       130.275
      0.00626       758.525       694.693       628.088       561.207       494.587       431.532       365.735
      0.00627       21.7898       30.5616       30.9231       29.9976       28.8474       27.7177       26.5634
      0.00628      -443.217      -388.266      -345.732      -305.198      -265.206      -227.423      -187.966
      0.00629       816.516       746.888       674.949       602.819       530.992       463.007       392.062
       0.0063      -486.558      -427.117      -380.549      -336.067      -292.159      -250.671      -207.344
      0.00631      -294.177      -254.319      -225.402      -198.229      -171.487       -146.23       -119.85
      0.00632      -231.668      -197.351      -174.064      -152.526      -131.399      -111.459      -90.6269
      0.00633       256.543       242.265       221.191       199.122       176.981       155.996        134.11
      0.00634       594.145       546.713       495.056       442.861       390.814       341.542       290.132
      0.00635      -675.656      -597.524      -533.807      -472.451      -411.795      -354.465      -294.603
      0.00636      -260.635      -223.547      -197.668      -173.574      -149.903      -127.554      -104.215
      0.00637      -40.6917      -25.3524      -19.4225      -14.9591      -10.7693      -6.84835      -2.73681
      0.00638      -125.339      -101.433      -87.7794      -75.7357      -64.0323      -53.0081      -41.4835
      0.00639       59.5457       64.9549       61.7949       57.3169       52.6309       48.1578       43.5094
       0.0064       706.718       648.135       586.223        523.93       461.863       403.112       341.807
      0.00641      -116.324      -93.0216      -80.0643      -68.7382      -57.7537      -47.4106      -36.5919
      0.00642       349.414       326.166       296.707       266.352       235.983       207.215       177.206
      0.00643       404.751        376.14       341.722       306.479       271.254       237.891       203.086
      0.00644      -60.0634      -42.8577      -35.0574      -28.7282      -22.6886      -17.0213      -11.0835
      0.00645       306.814       288.166       262.629       236.073       209.463       184.249       157.948
      0.00646       49.0081       55.6756       53.5826       50.1339       46.4622       42.9419       39.2881
      0.00647      -627.571       -554.16      -494.842      -437.837      -381.502      -328.263      -272.671
      0.00648      -231.885      -197.134      -173.809      -152.312      -131.235      -111.343      -90.5672
      0.00649      -534.528       -470.34      -419.533      -370.912      -322.899       -277.53      -230.158
       0.0065       100.294       101.527       94.6245       86.4716       78.1427       70.2231       61.9709
      0.00651      -81.2673      -61.9088      -52.2425      -44.1013       -36.266      -28.9002      -21.1955
      0.00652       550.945       508.665       460.959       412.499       364.134       318.337       270.552
      0.00653       257.599       243.642       222.613       200.523        178.35       157.331       135.415
      0.00654      -463.944      -406.247      -361.744      -319.394      -277.621      -238.154      -196.939
      0.00655      -509.731      -447.976      -399.437      -353.059      -307.271      -264.005      -218.832
      0.00656       862.899       789.488       713.382       637.004       560.937       488.937       413.802
      0.00657       173.195       167.917       154.609       140.069        125.38       111.439       96.9116
      0.00658      -901.427      -800.602      -716.383      -634.931      -554.343      -478.162      -398.625
      0.00659       609.451       561.066       507.944       454.185       400.568       349.804       296.832
       0.0066      -776.276      -687.752      -614.871      -544.585       -475.08       -409.38      -340.786
      0.00661      -55.9051      -38.6779      -31.3747      -25.6446      -20.2128      -15.1203      -9.79236
      0.00662       130.136       129.193       119.682        108.84       97.8179       87.3477       76.4379
      0.00663       501.861       464.056       420.805        376.78       332.827       291.208       247.786
      0.00664       517.008       478.274       433.745       388.384       343.087       300.192        255.44
      0.00665      -467.134      -408.982      -364.144      -321.491      -279.419      -239.671      -198.161
      0.00666       347.405       324.893       295.636       265.366       235.065       206.359       176.408
      0.00667       94.7292       97.6006       91.4036       83.7863       75.9534       68.4922       60.7216
      0.00668      -518.496      -455.178      -405.714      -358.535      -311.974      -267.982      -222.044
      0.00669       457.404       424.349       385.117       344.973        304.86       266.869       227.229
       0.0067        165.09       161.042       148.472       134.572       120.503       107.144       93.2213
      0.00671       364.657       340.925       310.217       278.451        246.65       216.522       185.097
      0.00672      -654.365      -577.773      -515.934      -456.551      -397.873      -342.418      -284.513
      0.00673       1016.04       927.673       837.703       747.635       657.973       573.111       484.553
      0.00674      -456.889      -399.681      -355.696      -313.894       -272.67      -233.722      -193.047
      0.00675      -262.036      -223.941      -197.793      -173.598      -149.855      -127.443      -104.035
      0.00676       482.965       447.298       405.787       363.411       321.085           281       239.177
      0.00677      -885.258      -785.571       -702.73      -622.726      -543.589       -468.78       -390.68
      0.00678        247.67       235.313       215.106       193.673       172.131       151.704       130.397
      0.00679       523.401        484.12       439.012        393.04       347.132       303.661       258.306
       0.0068       352.621       330.283       300.738       270.083       239.377        210.28       179.929
      0.00681      -589.008      -518.328      -462.367      -408.862      -356.036       -306.12      -253.996
      0.00682       494.349       457.753       415.204       371.764       328.374       287.285       244.407
      0.00683      -477.848       -417.88      -371.989      -328.441      -285.506      -244.946      -202.589
      0.00684       585.363       539.859       489.061       437.491       386.029       337.301       286.455
      0.00685      -162.165      -133.658       -116.44      -101.069      -86.0934      -71.9808      -57.2259
      0.00686       5.02509       17.0058       18.9695       19.3081       19.3644       19.3691       19.3935
      0.00687       1.68475       14.2623       16.5608       17.1912       17.5287       17.7953       18.0912
      0.00688       -889.14      -788.986      -705.818      -625.527      -546.112      -471.043      -392.669
      0.00689       30.9775       40.0996       39.5858       37.5094       35.1756        32.919       30.5748
       0.0069      -51.5421      -33.8029      -26.7034      -21.3393      -16.3017      -11.5881      -6.65031
      0.00691       471.442       437.318       396.911        355.54       314.199       275.046       234.195
      0.00692      -455.119      -397.359       -353.53      -312.033      -271.135      -232.503      -192.158
      0.00693       240.022       228.662        209.23       188.511       167.669       147.904        127.29
      0.00694       575.571       531.358        481.55       430.896       380.334       332.459       282.507
      0.00695      -559.497      -491.398      -438.062      -387.213      -337.034      -289.623      -240.113
      0.00696       446.244        414.81       376.675       337.493       298.317        261.21        222.49
      0.00697       152.099       149.618       138.295       125.539       112.596       100.297        87.481
      0.00698       127.251         127.6        118.54       107.947       97.1375       86.8594       76.1509
      0.00699      -388.976      -337.872      -300.068      -264.496      -229.478      -196.408       -161.87
        0.007       144.465        142.62       131.903       119.737       107.384       95.6502       83.4165
      0.00701      -102.217      -79.1612       -67.385      -57.4783      -47.9433       -38.981      -29.6105
      0.00702      -814.829       -721.79      -645.351      -571.746      -498.975      -430.193      -358.381
      0.00703       973.327       890.005       803.984       717.623       631.612       550.198       465.239
      0.00704       231.091       220.979        202.56       182.791       162.879       143.991       124.302
      0.00705       -718.13      -634.193      -566.449      -501.467      -437.267      -376.595      -313.248
      0.00706       548.078       506.668       459.291       410.979       362.735       317.048       269.375
      0.00707      -83.6736      -62.2322      -52.0711      -43.7942      -35.8842      -28.4582      -20.6849
      0.00708      -408.379      -355.156      -315.588      -278.333      -241.652      -207.011      -170.835
      0.00709      -258.997      -220.633      -194.682       -170.83      -147.446      -125.379      -102.329
       0.0071      -237.415       -201.01      -177.001      -155.081      -133.624      -113.381      -92.2364
      0.00711      -658.871      -580.788      -518.507      -458.923      -400.086      -344.489      -286.445
      0.00712       1320.09       1202.43       1084.93       967.575       850.803       740.294       624.968
      0.00713       -877.89      -778.049      -695.691      -616.343      -537.886      -463.724      -386.297
      0.00714       90.9364       94.9453       89.0797       81.5701       73.8166       66.4288       58.7292
      0.00715       736.614        676.49       612.055       546.966       482.073        420.64       356.538
      0.00716      -295.085       -252.68      -223.288      -196.108      -169.438      -144.265      -117.969
      0.00717       393.767       367.849        334.56       300.065       265.529       232.809        198.67
      0.00718      -94.2798       -71.998      -60.8912      -51.6742      -42.8249      -34.5108      -25.8107
      0.00719      -507.867      -444.488      -395.855      -349.748      -304.294      -261.354      -216.518
       0.0072      -129.411      -103.583      -89.3874      -77.1653      -65.3353      -54.1988      -42.5612
      0.00721       238.916       228.466       209.256       188.584       167.761       148.012       127.415
      0.00722      -512.098      -448.253      -399.209      -352.708      -306.862      -263.552      -218.325
      0.00723       149.494       148.126       137.012       124.264       111.297       98.9785       86.1329
      0.00724       269.873       256.531       234.552       211.128       187.569       165.232       141.936
      0.00725      -489.931      -428.495      -381.471      -336.928       -293.02      -251.543      -208.228
      0.00726       416.052       387.822       352.475       315.948       279.394       244.767       208.636
      0.00727       382.707       358.294        326.11       292.633       259.092       227.313       194.162
      0.00728       -450.65      -393.086        -349.6      -308.543      -268.096      -229.893      -189.995
      0.00729      0.205736       13.3935       15.8533       16.4815        16.798       17.0433       17.3134
       0.0073       563.255       521.048       472.433       422.762       373.147        326.16       277.133
      0.00731        49.163       57.8218       55.9736       52.3349       48.4069       44.6323       40.7159
      0.00732       528.869       490.304       444.862       398.277       351.717        307.62       261.609
      0.00733      -722.381      -637.754      -569.534      -504.172      -439.607      -378.591      -314.882
      0.00734       95.1578       98.9734       92.8033        84.924       76.7938       69.0484       60.9756
      0.00735       303.749       287.386       262.383       235.914       209.319       184.109       157.813
      0.00736       375.456       352.282       320.821       287.956       255.007       223.783       191.213
      0.00737      -59.1867      -39.9846      -31.9906      -25.9305      -20.2298      -14.8943      -9.30455
      0.00738      -302.212      -258.582      -228.535       -200.84      -173.678      -148.048      -121.282
      0.00739       367.695       345.128       314.307       282.079       249.766       219.145       187.195
       0.0074       -174.65      -143.542       -125.03        -108.7       -92.821      -77.8636      -62.2298
      0.00741       195.558       189.715        174.53       157.735       140.747       124.623       107.809
      0.00742      -630.956      -554.617      -494.666      -437.584       -381.26      -328.045      -272.482
      0.00743       60.6092       67.9379       64.9393       60.1501       55.0827       50.2332        45.186
      0.00744      -461.235      -402.017      -357.536      -315.633      -274.365       -235.39      -194.689
      0.00745       380.202       356.217       324.221       290.848       257.403       225.711       192.644
      0.00746       360.621       338.845        308.74       277.202       245.571       215.592       184.322
      0.00747       595.364       550.978       499.614       447.063       394.556       344.833       292.951
      0.00748       186.446       181.666       167.428       151.543       135.454       120.176       104.252
      0.00749      -694.168      -611.779      -546.069        -483.3      -421.327      -362.767      -301.624
       0.0075       31.7771       42.6133       42.2966       40.0316       37.4505       34.9498       32.3498
      0.00751      -203.512      -169.478      -148.361      -129.511      -111.134      -93.8141       -75.719
      0.00752      -42.7044      -24.6079      -18.1207      -13.6737      -9.58845       -5.7825      -1.79231
      0.00753      -209.104      -174.388      -152.761      -133.433      -114.586      -96.8218      -78.2652
      0.00754       408.787       382.537        348.04       312.105       276.099       241.982       206.384
      0.00755       572.375       530.094       480.828       430.344       379.895       332.116       282.267
      0.00756       54.3542       63.1536       60.9624       56.8351        52.398       48.1372       43.7119
      0.00757      -809.861      -715.758      -639.521      -566.457      -494.275       -426.06       -354.84
      0.00758       274.383       261.211       238.862       214.894        190.77        167.89        144.02
      0.00759       305.263       289.422        264.41       237.781       211.007       185.618       159.135
       0.0076      -177.705      -146.207      -127.366      -110.774      -94.6413       -79.442      -63.5579
      0.00761      -230.074       -193.22      -169.662      -148.466      -127.769      -108.254      -87.8693
      0.00762       301.338       285.553       260.833        234.52        208.07       182.992       156.831
      0.00763      -526.914      -460.598      -410.021      -362.251      -315.184      -270.727      -224.303
      0.00764      -74.6674      -53.3202      -43.9255      -36.6675       -29.799      -23.3617      -16.6295
      0.00765        -276.3      -234.779      -207.015      -181.708      -156.934      -133.565      -109.158
      0.00766      -257.731      -217.704      -191.626      -168.039      -144.982      -123.236      -100.525
      0.00767       529.429       491.063       445.611       398.885       352.171       307.925       261.759
      0.00768        589.06       545.416       494.693       442.695       390.728       341.511       290.164
      0.00769      -322.582      -276.162      -244.069      -214.548        -185.6      -158.283      -129.748
       0.0077      -142.728       -114.47      -98.8333      -85.4751      -72.5594      -60.4019      -47.6958
      0.00771       579.698       536.666       486.716       435.506       384.332       335.866       285.292
      0.00772      -417.296       -361.79      -321.107      -283.103      -245.729       -210.44      -173.584
      0.00773      -455.158      -396.119       -352.12      -310.845      -270.219      -231.852       -191.79
      0.00774      -168.996      -137.816      -119.794      -104.155      -88.9872      -74.6992      -59.7718
      0.00775      -279.812      -237.775      -209.671      -184.091      -159.053      -135.434      -110.768
